625 1200
44 624
603 625
604 605
605 606
606 607
607 608
608 609
609 66
66 49
49 8
8 610
610 611
611 612
612 613
613 614
614 615
615 616
616 617
617 618
618 619
624 625
619 620
620 621
621 622
623 624
622 623
585 606
586 95
586 607
95 587
95 608
587 588
587 609
588 589
588 66
589 590
589 49
590 113
590 8
113 591
113 610
591 592
591 611
592 593
592 612
593 594
593 613
594 99
594 614
99 595
99 615
595 596
595 616
596 597
596 617
597 598
597 618
598 599
598 619
599 600
599 620
600 601
600 621
601 602
601 622
602 44
602 623
44 603
569 587
104 570
104 588
570 571
570 589
571 60
571 590
60 572
60 113
572 47
572 591
47 573
47 592
573 574
573 593
574 575
574 594
575 576
575 99
576 577
576 595
577 36
577 596
36 578
36 597
578 579
578 598
579 580
579 599
580 17
580 600
17 581
17 601
581 582
581 602
582 96
582 44
96 603
583 584
583 604
584 585
584 605
585 586
553 554
553 60
554 555
554 572
555 556
555 47
556 94
556 573
94 40
94 574
40 557
40 575
557 97
557 576
97 558
97 577
558 559
558 36
559 34
559 578
34 560
34 579
560 561
560 580
561 562
561 17
562 563
562 581
563 564
563 582
564 96
80 565
80 583
565 566
565 584
566 567
566 585
567 568
567 586
568 569
568 95
569 104
533 556
102 534
102 94
534 535
534 40
535 536
535 557
536 537
536 97
537 3
537 558
3 538
3 559
538 539
538 34
539 540
539 560
540 541
540 561
541 542
541 562
542 543
542 563
543 564
544 545
544 80
545 546
545 565
546 547
546 566
547 548
547 567
548 549
548 568
549 550
549 569
550 551
550 104
551 552
551 570
552 553
552 571
516 535
517 518
517 536
518 114
518 537
114 70
114 3
70 519
70 538
519 520
519 539
520 21
520 540
21 521
21 541
521 522
521 542
522 543
523 524
523 544
524 525
524 545
525 526
525 546
526 527
526 547
527 528
527 548
528 529
528 549
529 530
529 550
530 531
530 551
531 532
531 552
532 28
532 553
28 22
28 554
22 533
22 555
533 102
503 504
503 70
504 505
504 519
505 13
505 520
13 506
13 21
506 507
506 521
507 522
508 75
508 523
75 56
75 524
56 16
56 525
16 87
16 526
87 86
87 527
86 509
86 528
509 510
509 529
510 511
510 530
511 512
511 531
512 513
512 532
513 24
513 28
24 514
24 22
514 515
514 533
515 11
515 102
11 516
11 534
516 517
485 13
486 487
486 506
487 507
488 489
488 508
489 490
489 75
490 491
490 56
491 492
491 16
492 7
492 87
7 493
7 86
493 494
493 509
494 25
494 510
25 495
25 511
495 496
495 512
496 497
496 513
497 498
497 24
498 499
498 514
499 90
499 515
90 500
90 11
500 501
500 516
501 50
501 517
50 502
50 518
502 503
502 114
399 400
416 437
399 419
400 401
400 420
416 20
401 402
401 421
402 37
415 35
402 422
37 63
37 423
415 416
63 403
63 424
403 404
414 436
403 425
404 405
404 426
414 415
405 406
405 427
406 428
53 435
407 408
407 77
408 409
53 414
408 429
409 42
409 430
413 434
42 410
42 431
410 411
413 53
410 432
411 412
411 433
412 55
412 413
481 4
481 50
4 482
4 502
482 483
482 503
483 484
483 504
484 485
484 505
485 486
383 402
422 442
384 41
384 37
41 385
422 423
41 63
385 386
385 403
421 115
386 81
386 404
81 387
421 422
81 405
387 406
388 389
420 441
388 407
389 27
389 408
420 421
27 117
27 409
117 118
419 10
117 42
118 390
118 410
419 420
390 391
390 411
391 392
418 440
391 412
392 92
392 413
418 419
92 393
92 53
393 394
417 439
393 414
394 395
394 415
417 418
395 396
395 416
396 397
20 438
396 20
397 398
397 417
20 417
398 399
398 418
366 30
429 430
366 386
30 367
30 81
77 448
367 387
368 369
368 388
77 429
369 5
369 389
5 370
428 447
5 27
370 371
370 117
427 446
371 372
371 118
372 19
427 428
372 390
19 373
19 391
426 445
373 374
373 392
374 375
426 427
374 92
375 376
375 393
425 93
376 69
376 394
69 377
425 426
69 395
377 378
377 396
424 444
378 379
378 397
379 380
424 425
379 398
380 381
380 399
423 443
381 382
381 400
382 383
423 424
382 401
383 384
348 368
349 350
435 436
349 369
350 351
350 5
434 451
351 352
351 370
352 353
434 435
352 371
353 354
353 372
55 79
354 355
354 19
355 356
55 434
355 373
356 105
356 374
433 450
105 108
105 375
108 357
433 55
108 376
357 120
357 69
432 52
120 358
120 377
358 359
432 433
358 378
359 360
359 379
431 73
360 103
360 380
103 361
431 432
103 381
361 362
361 382
430 45
362 363
362 383
363 364
430 431
363 384
364 365
364 41
429 449
365 366
365 385
33 330
33 352
10 441
330 331
330 353
331 332
440 15
331 354
332 333
332 355
440 10
333 334
333 356
334 335
439 455
334 105
335 336
335 108
439 440
336 123
336 357
123 337
438 454
123 120
337 338
337 358
438 439
338 339
338 359
339 340
437 68
339 360
340 341
340 103
437 438
341 58
341 361
58 342
35 48
58 362
342 343
342 363
35 437
343 344
343 364
344 345
436 453
344 365
345 346
345 366
436 35
346 347
346 30
347 367
435 452
348 349
310 332
311 312
445 446
311 333
312 313
312 334
93 461
313 314
313 335
314 315
93 445
314 336
315 316
315 123
444 12
316 317
316 337
317 318
444 93
317 338
318 319
318 339
443 460
319 320
319 340
320 321
443 444
320 341
321 119
321 58
442 459
119 322
119 342
322 38
442 443
322 343
38 323
38 344
115 458
323 324
323 345
324 325
115 442
324 346
325 347
326 327
441 457
326 348
327 328
327 349
441 115
328 329
328 350
329 33
10 456
329 351
295 313
98 32
98 314
52 469
32 296
32 315
296 297
52 450
296 316
297 298
297 317
73 468
298 299
298 318
299 83
73 52
299 319
83 62
83 320
45 467
62 300
62 321
300 301
45 73
300 119
301 302
301 322
449 466
302 303
302 38
303 304
449 45
303 323
304 121
304 324
448 465
121 325
61 305
61 326
448 449
305 306
305 327
306 307
447 464
306 328
307 308
307 329
446 463
308 112
308 33
112 309
446 447
112 330
309 310
309 331
445 462
310 311
279 280
279 297
280 281
68 475
280 298
281 282
281 299
68 454
282 283
282 83
283 284
48 474
283 62
284 6
284 300
48 68
6 31
6 301
31 285
453 473
31 302
285 286
285 303
453 48
286 287
286 304
287 121
452 472
288 82
288 61
82 289
452 453
82 305
289 290
289 306
451 471
290 291
290 307
291 2
451 452
291 308
2 101
2 112
79 51
101 292
101 309
292 293
79 451
292 310
293 294
293 311
450 470
294 295
294 312
295 98
450 79
188 67
211 26
189 190
189 209
478 90
190 191
211 212
190 210
191 192
191 211
210 231
192 193
192 212
193 194
210 211
193 29
194 106
479 480
194 213
209 230
106 195
106 214
195 196
209 210
195 215
196 23
196 107
67 229
23 71
23 216
479 500
71 197
67 209
71 217
197 124
197 54
208 228
124 198
124 218
198 199
208 67
198 219
199 200
480 481
199 220
207 227
200 201
200 221
201 202
207 208
201 100
202 203
202 222
206 226
203 204
203 223
480 501
204 205
206 207
204 224
205 225
170 191
476 477
171 172
216 235
171 192
172 173
172 193
216 217
173 174
173 194
174 89
107 76
174 106
89 175
476 498
89 195
107 216
175 176
175 196
176 116
215 234
176 23
116 9
116 71
215 107
9 177
9 197
477 478
177 178
214 233
177 124
178 179
178 198
214 215
179 180
179 199
180 181
213 232
180 200
181 91
477 499
181 201
213 214
91 182
91 202
182 183
29 18
182 203
183 184
183 204
29 213
184 205
185 186
478 479
185 206
212 111
186 187
186 207
187 188
212 29
187 208
188 189
156 64
156 174
100 46
64 1
64 89
1 157
100 222
1 175
157 158
474 475
157 176
221 85
158 159
158 116
159 160
221 100
159 9
160 88
160 177
220 240
88 161
88 178
474 496
161 162
220 221
161 179
162 163
162 180
219 239
163 110
163 181
110 164
219 220
110 91
164 57
475 476
164 182
218 238
57 165
57 183
165 184
218 219
78 166
78 185
166 43
54 237
166 186
43 167
475 497
43 187
54 218
167 168
167 188
168 169
217 236
168 189
169 170
169 190
217 54
170 171
137 157
109 138
229 230
109 158
138 139
471 494
138 159
228 246
139 140
139 160
140 141
228 229
140 88
141 122
141 161
227 245
122 142
122 162
472 473
142 143
227 228
142 163
143 144
143 110
226 244
144 145
144 164
145 146
226 227
145 57
146 165
472 25
147 148
225 243
147 78
148 149
148 166
224 242
149 59
149 43
59 150
224 225
59 167
150 151
473 474
150 168
223 74
151 152
151 169
152 153
223 224
152 170
153 154
153 171
222 241
154 155
154 172
473 495
155 156
222 223
155 173
470 51
233 234
232 253
232 233
470 7
18 252
18 232
125 126
125 147
111 251
126 127
126 148
51 471
127 128
111 18
127 149
128 129
128 59
26 250
129 130
129 150
130 131
26 111
130 151
131 132
51 493
131 152
231 249
132 133
132 153
133 65
231 26
133 154
65 134
65 155
230 248
134 135
134 156
471 472
135 136
230 231
135 64
136 137
136 1
229 247
137 109
239 240
238 259
468 469
238 239
237 72
237 238
468 491
236 258
236 237
235 257
469 470
235 236
76 256
76 235
469 492
234 255
234 76
233 254
244 245
243 266
465 488
242 265
242 243
74 264
466 467
74 242
241 14
241 74
466 489
46 263
46 241
85 262
467 468
85 46
240 261
240 85
467 490
239 260
251 252
462 485
250 271
250 251
249 270
463 464
249 250
248 269
248 249
463 486
247 268
247 248
246 267
464 487
246 247
245 39
245 246
465 466
244 84
258 72
257 278
257 258
12 483
256 277
256 257
255 276
461 462
255 256
254 275
254 255
461 484
253 274
253 254
252 273
462 463
252 253
251 272
14 264
263 6
459 460
263 14
262 284
262 263
459 4
261 283
261 262
260 282
460 12
260 261
259 281
259 260
460 482
72 280
72 259
258 279
12 461
277 278
454 476
277 32
278 279
278 296
454 455
276 98
274 275
455 477
274 294
275 276
275 295
455 15
276 277
271 101
272 273
272 292
15 456
273 274
273 293
269 270
269 291
456 457
270 271
270 2
271 272
15 478
457 458
267 268
267 289
268 269
456 479
268 290
266 287
84 39
457 480
84 288
39 267
39 82
14 31
458 481
264 265
264 285
265 266
458 459
265 286
62
1 63
2 64
3 65
4 66
5 67
6 68
7 69
8 70
9 71
10 72
11 73
12 74
13 75
14 76
15 77
16 78
17 79
18 80
19 81
20 82
21 83
22 84
23 85
24 86
25 87
26 88
27 89
28 90
29 91
30 92
31 93
32 94
33 95
34 96
35 97
36 98
37 99
38 100
39 101
40 102
41 103
42 104
43 105
44 106
45 107
46 108
47 109
48 110
49 111
50 112
51 113
52 114
53 115
54 116
55 117
56 118
57 119
58 120
59 121
60 122
61 123
62 124