625 1200
602 624
603 625
604 605
605 606
606 607
607 608
608 609
609 610
610 21
21 611
611 612
612 613
613 614
614 615
615 616
616 617
617 618
618 619
619 90
90 620
624 625
620 621
621 622
622 623
120 624
623 120
584 606
27 585
27 607
585 586
585 608
586 587
586 609
587 588
587 610
588 589
588 21
589 590
589 611
590 591
590 612
591 592
591 613
592 95
592 614
95 3
95 615
3 593
3 616
593 594
593 617
594 595
594 618
595 596
595 619
596 597
596 90
597 598
597 620
598 599
598 621
599 600
599 622
600 601
600 623
601 602
601 120
602 603
567 586
568 569
568 587
569 73
569 588
73 570
73 589
570 571
570 590
571 572
571 591
572 123
572 592
123 113
123 95
113 573
113 3
573 53
573 593
53 574
53 594
574 575
574 595
575 576
575 596
576 577
576 597
577 87
577 598
87 578
87 599
578 579
578 600
579 580
579 601
580 581
580 602
581 603
582 583
582 604
583 584
583 605
584 27
115 550
115 570
550 551
550 571
551 552
551 572
552 553
552 123
553 97
553 113
97 554
97 573
554 555
554 53
555 22
555 574
22 556
22 575
556 557
556 576
557 558
557 577
558 559
558 87
559 19
559 578
19 560
19 579
560 561
560 580
561 581
562 563
562 582
563 564
563 583
564 565
564 584
565 566
565 27
566 567
566 585
567 568
534 552
45 535
45 553
535 536
535 97
536 48
536 554
48 537
48 555
537 538
537 22
538 539
538 556
539 540
539 557
540 541
540 558
541 542
541 559
542 6
542 19
6 543
6 560
543 561
544 545
544 562
545 71
545 563
71 546
71 564
546 547
546 565
547 88
547 566
88 548
88 567
548 85
548 568
85 549
85 569
549 115
549 73
15 536
519 520
519 48
520 521
520 537
521 522
521 538
522 523
522 539
523 524
523 540
524 36
524 541
36 525
36 542
525 49
525 6
49 543
526 527
526 544
527 528
527 545
528 529
528 71
529 54
529 546
54 530
54 547
530 92
530 88
92 531
92 548
531 532
531 85
532 533
532 549
533 16
533 115
16 4
16 550
4 534
4 551
534 45
61 502
61 522
502 503
502 523
503 504
503 524
504 505
504 36
505 506
505 525
506 49
507 508
507 526
508 10
508 527
10 33
10 528
33 509
33 529
509 510
509 54
510 511
510 530
511 512
511 92
512 513
512 531
513 514
513 532
514 515
514 533
515 516
515 16
516 517
516 4
517 118
517 534
118 518
118 45
518 15
518 535
15 519
482 504
483 484
483 505
484 506
485 486
485 507
486 105
486 508
105 487
105 10
487 12
487 33
12 488
12 509
488 489
488 510
489 490
489 511
490 491
490 512
491 492
491 513
492 493
492 514
493 494
493 515
494 495
494 516
495 496
495 517
496 497
496 118
497 498
497 518
498 499
498 15
499 500
499 519
500 501
500 520
501 61
501 521
17 89
413 433
17 416
89 52
89 417
413 414
52 32
52 418
32 399
412 29
32 419
399 400
399 420
412 413
400 401
400 421
401 117
411 432
401 422
117 402
117 423
411 412
402 119
402 424
119 425
410 11
403 404
403 96
404 122
410 411
404 426
122 405
122 427
409 431
405 406
405 428
406 407
409 410
406 14
407 408
407 429
408 430
408 409
478 479
478 500
479 480
479 501
480 481
480 61
481 76
481 502
76 482
76 503
482 483
384 32
419 110
50 84
50 399
84 385
419 420
84 400
385 386
385 401
418 438
386 62
386 117
62 74
418 419
62 402
74 119
387 388
417 437
387 403
388 389
388 404
417 418
389 390
389 122
390 391
416 436
390 405
391 392
391 406
416 417
392 13
392 407
13 393
415 435
13 408
393 51
393 409
415 416
51 63
51 410
63 394
35 98
63 411
394 395
394 412
35 415
395 396
395 413
396 397
414 434
396 414
397 398
397 35
414 35
398 17
398 415
368 93
426 427
368 386
93 369
93 62
96 445
369 74
75 60
75 387
96 426
60 370
60 388
370 371
425 444
370 389
371 372
371 390
424 443
372 373
372 391
373 374
424 425
373 392
374 375
374 13
423 442
375 112
375 393
112 376
423 424
112 51
376 377
376 63
422 441
377 378
377 394
378 82
422 423
378 395
82 379
82 396
421 440
379 380
379 397
380 381
421 422
380 398
381 382
381 17
420 439
382 383
382 89
383 384
420 421
383 52
384 50
355 75
66 59
11 432
66 60
59 43
59 370
431 25
43 356
43 371
356 37
431 11
356 372
37 357
37 373
430 451
357 7
357 374
7 358
430 431
7 375
358 359
358 112
429 450
359 360
359 376
360 361
429 430
360 377
361 108
361 378
14 449
108 106
108 82
106 8
14 429
106 379
8 362
8 380
428 448
362 363
362 381
363 364
428 14
363 382
364 365
364 383
427 447
365 39
365 384
39 366
427 428
39 50
366 367
366 84
426 446
367 368
367 385
336 337
336 356
436 437
337 338
337 37
338 339
435 57
338 357
339 340
339 7
435 436
340 341
340 358
341 342
98 455
341 359
342 34
342 360
98 435
34 343
34 361
343 344
434 454
343 108
344 91
344 106
434 98
91 345
91 8
345 346
433 69
345 362
346 347
346 363
433 434
347 348
347 364
348 349
29 453
348 365
349 350
349 39
29 433
350 351
350 366
351 352
432 28
351 367
352 353
352 368
432 29
353 354
353 93
354 369
11 452
355 66
318 339
104 319
442 443
104 340
319 320
319 341
441 460
320 321
320 342
321 322
441 442
321 34
322 323
322 343
440 459
323 324
323 344
324 325
440 441
324 91
325 326
325 345
439 121
326 30
326 346
30 327
439 440
30 347
327 38
327 348
110 458
38 328
38 349
328 18
110 439
328 350
18 329
18 351
438 457
329 330
329 352
330 331
438 110
330 353
331 354
332 333
437 78
332 355
333 334
333 66
437 438
334 335
334 59
335 336
436 456
335 43
299 320
300 301
300 321
449 467
301 302
301 322
302 303
449 450
302 323
303 304
303 324
448 466
304 24
304 325
24 305
448 449
24 326
305 306
305 30
447 465
306 307
306 327
307 308
447 448
307 38
308 309
308 328
446 464
309 310
309 18
310 311
446 447
310 329
311 312
311 330
445 463
312 331
313 94
313 332
445 446
94 314
94 333
314 315
444 462
314 334
315 316
315 335
443 65
316 317
316 336
317 77
443 444
317 337
77 318
77 338
442 461
318 104
80 282
80 303
282 283
69 472
282 304
283 42
283 24
69 454
42 284
42 305
284 20
453 9
284 306
20 285
20 307
453 69
285 286
285 308
286 287
28 471
286 309
287 109
287 310
28 453
109 288
109 311
288 312
452 470
289 290
289 313
290 291
452 28
290 94
291 292
291 314
25 5
292 293
292 315
293 294
25 452
293 316
294 295
294 317
451 469
295 296
295 77
296 297
451 25
296 318
297 298
297 104
450 468
298 299
298 319
299 300
450 451
192 214
217 233
193 194
193 215
475 497
194 195
217 99
194 216
195 196
195 217
216 232
196 197
196 99
197 198
216 217
197 218
198 199
476 477
198 2
215 231
199 200
199 219
200 201
215 216
200 47
201 202
201 67
214 230
202 203
202 111
476 498
203 204
214 215
203 220
204 205
204 221
124 229
205 206
205 222
206 26
124 214
206 86
26 207
477 478
26 116
41 102
207 208
207 223
208 209
41 124
208 224
209 210
209 225
213 58
210 211
210 226
477 499
211 212
213 41
211 227
212 228
173 195
473 474
174 175
111 240
174 196
175 176
175 197
111 220
176 177
176 198
177 68
67 239
177 199
68 101
473 495
68 200
67 111
101 178
101 201
178 179
47 238
178 202
179 180
179 203
47 67
180 181
180 204
474 475
181 182
219 237
181 205
182 183
182 206
219 47
183 184
183 26
184 185
2 236
184 207
185 186
474 496
185 208
2 219
186 187
186 209
187 188
218 235
187 210
188 189
188 211
218 2
189 212
190 79
475 476
190 213
99 234
79 191
79 41
191 192
99 218
191 124
192 193
155 156
155 177
224 247
156 157
156 68
157 158
224 225
157 101
158 159
9 472
158 178
223 246
159 160
159 179
160 161
223 224
160 180
161 162
161 181
116 245
162 163
162 182
9 493
163 164
116 223
163 183
164 165
164 184
86 244
165 166
165 185
166 167
86 116
166 186
167 168
472 473
167 187
222 243
168 169
168 188
169 189
222 86
170 171
170 190
171 172
221 242
171 79
172 64
472 494
172 191
221 222
64 103
64 192
103 23
220 241
103 193
23 173
23 194
220 221
173 174
31 158
136 137
230 231
136 159
137 138
5 490
137 160
229 72
138 139
138 161
139 140
229 230
139 162
140 141
140 163
102 252
141 142
141 164
470 471
142 143
102 229
142 165
143 144
143 166
58 251
144 145
144 167
145 146
58 102
145 168
146 169
470 491
147 148
228 250
147 170
148 149
148 171
227 249
149 150
149 172
150 44
227 228
150 64
44 55
471 9
44 103
226 56
55 151
55 23
151 152
226 227
151 173
152 153
152 174
225 248
153 154
153 175
471 492
154 155
225 226
154 176
468 469
237 238
236 255
236 237
468 488
235 114
235 236
125 126
125 147
234 81
126 127
126 148
469 5
127 128
234 235
127 149
128 1
128 150
233 100
1 129
1 44
129 130
233 234
129 55
130 40
469 489
130 151
232 254
40 131
40 152
131 132
232 233
131 153
132 133
132 154
231 253
133 134
133 155
5 470
134 135
231 232
134 156
135 31
135 157
230 46
31 136
244 245
243 262
466 467
243 244
242 261
242 243
466 487
241 260
241 242
240 259
467 468
240 241
239 258
239 240
467 12
238 257
238 239
237 256
251 252
250 269
463 485
249 107
249 250
56 268
464 465
56 249
248 267
248 56
464 486
247 266
247 248
246 265
465 466
246 247
245 264
245 246
465 105
244 263
81 114
461 482
100 275
100 81
254 274
65 462
254 100
253 273
253 254
65 483
46 272
46 253
72 70
462 484
72 46
252 271
252 72
463 464
251 270
260 261
259 83
259 260
459 481
258 281
258 259
257 280
460 461
257 258
256 279
256 257
460 76
255 278
255 256
114 277
461 65
114 255
81 276
267 268
266 285
458 121
266 267
265 20
265 266
458 479
264 284
264 265
263 42
121 459
263 264
262 283
262 263
121 480
261 282
261 262
260 80
459 460
281 83
454 473
281 301
83 80
83 302
454 455
280 300
278 279
455 474
278 298
279 280
279 299
455 57
280 281
275 295
276 277
276 296
57 456
277 278
277 297
273 274
273 293
456 78
274 275
274 294
275 276
57 475
78 457
70 272
70 291
272 273
456 476
272 292
269 288
270 271
78 477
270 289
271 70
271 290
267 286
457 478
268 107
268 287
107 269
457 458
107 109
62
1 63
2 64
3 65
4 66
5 67
6 68
7 69
8 70
9 71
10 72
11 73
12 74
13 75
14 76
15 77
16 78
17 79
18 80
19 81
20 82
21 83
22 84
23 85
24 86
25 87
26 88
27 89
28 90
29 91
30 92
31 93
32 94
33 95
34 96
35 97
36 98
37 99
38 100
39 101
40 102
41 103
42 104
43 105
44 106
45 107
46 108
47 109
48 110
49 111
50 112
51 113
52 114
53 115
54 116
55 117
56 118
57 119
58 120
59 121
60 122
61 123
62 124