625 1200
602 624
603 625
604 605
605 606
606 607
607 608
608 609
609 610
610 611
611 612
612 613
613 47
47 614
614 615
615 616
616 617
617 618
618 619
619 79
79 114
624 625
114 620
620 621
621 622
623 624
622 623
584 606
585 6
585 607
6 586
6 608
586 587
586 609
587 117
587 610
117 588
117 611
588 589
588 612
589 590
589 613
590 591
590 47
591 592
591 614
592 85
592 615
85 593
85 616
593 594
593 617
594 595
594 618
595 596
595 619
596 597
596 79
597 598
597 114
598 599
598 620
599 600
599 621
600 601
600 622
601 602
601 623
602 603
565 586
566 567
566 587
567 568
567 117
568 569
568 588
569 570
569 589
570 100
570 590
100 571
100 591
571 572
571 592
572 69
572 85
69 573
69 593
573 574
573 594
574 575
574 595
575 576
575 596
576 577
576 597
577 10
577 598
10 578
10 599
578 579
578 600
579 580
579 601
580 581
580 602
581 603
582 583
582 604
583 584
583 605
584 585
547 548
547 569
548 549
548 570
549 550
549 100
550 551
550 571
551 552
551 572
552 553
552 69
553 554
553 573
554 555
554 574
555 2
555 575
2 556
2 576
556 557
556 577
557 558
557 10
558 559
558 578
559 560
559 579
560 561
560 580
561 581
30 562
30 582
562 563
562 583
563 564
563 584
564 82
564 585
82 565
82 6
565 566
529 550
34 530
34 551
530 531
530 552
531 532
531 553
532 74
532 554
74 533
74 555
533 534
533 2
534 535
534 556
535 536
535 557
536 537
536 558
537 538
537 559
538 107
538 560
107 561
539 540
539 30
540 541
540 562
541 542
541 563
542 543
542 564
543 104
543 82
104 544
104 565
544 545
544 566
545 546
545 567
546 547
546 568
512 531
38 14
38 532
14 513
14 74
513 514
513 533
514 515
514 534
515 516
515 535
516 5
516 536
5 517
5 537
517 518
517 538
518 107
519 520
519 539
520 521
520 540
521 522
521 541
522 523
522 542
523 524
523 543
524 525
524 104
525 526
525 544
526 26
526 545
26 527
26 546
527 12
527 547
12 528
12 548
528 529
528 549
529 34
495 496
495 514
496 497
496 515
497 498
497 516
498 499
498 5
499 500
499 517
500 518
501 68
501 519
68 502
68 520
502 115
502 521
115 503
115 522
503 504
503 523
504 505
504 524
505 506
505 525
506 507
506 526
507 70
507 26
70 94
70 527
94 508
94 12
508 509
508 528
509 510
509 529
510 511
510 34
511 512
511 530
512 38
478 498
41 479
41 499
479 500
480 59
480 501
59 71
59 68
71 481
71 502
481 482
481 115
482 483
482 503
483 484
483 504
484 485
484 505
485 486
485 506
486 487
486 507
487 64
487 70
64 488
64 94
488 83
488 508
83 489
83 509
489 490
489 510
490 491
490 511
491 492
491 512
492 493
492 38
493 494
493 14
494 495
494 513
394 395
99 86
394 37
395 396
395 411
99 408
396 122
396 412
122 76
407 427
122 413
76 397
76 414
407 99
397 398
397 415
398 399
406 426
398 416
399 400
399 417
406 407
400 35
400 418
35 419
105 425
29 63
29 72
63 401
105 406
63 420
401 402
401 421
405 424
402 403
402 39
403 24
405 105
403 422
24 404
24 423
404 110
404 405
474 475
474 493
475 476
475 494
476 477
476 495
477 23
477 496
23 478
23 497
478 41
376 122
413 433
377 378
377 76
378 379
413 414
378 397
379 380
379 398
412 432
380 3
380 399
3 381
412 413
3 400
381 35
27 118
411 431
27 29
118 382
118 63
411 412
382 383
382 401
383 384
37 430
383 402
384 385
384 403
37 411
385 386
385 24
386 387
410 57
386 404
387 388
387 405
410 37
388 389
388 105
389 390
409 429
389 406
390 391
390 407
409 410
391 62
391 99
62 392
408 428
62 408
392 393
392 409
408 409
393 394
393 410
361 362
420 421
361 380
362 363
362 3
72 439
363 381
364 45
364 27
72 420
45 25
45 118
25 33
419 438
25 382
33 365
33 383
418 437
365 366
365 384
366 367
418 419
366 385
367 368
367 386
417 436
368 369
368 387
369 370
417 418
369 388
370 371
370 389
416 435
371 372
371 390
372 53
416 417
372 391
53 373
53 62
415 434
373 374
373 392
374 96
415 416
374 393
96 80
96 394
414 58
80 375
80 395
375 376
414 415
375 396
376 377
343 364
84 344
425 426
84 45
344 345
344 25
424 443
345 346
345 33
346 347
424 425
346 365
347 348
347 366
110 442
348 349
348 367
349 31
110 424
349 368
31 350
31 369
423 441
350 21
350 370
21 351
423 110
21 371
351 352
351 372
422 46
352 56
352 53
56 353
422 423
56 373
353 354
353 374
39 440
354 355
354 96
355 356
39 422
355 80
356 357
356 375
421 102
357 358
357 376
358 359
421 39
358 377
359 360
359 378
420 55
360 361
360 379
326 19
326 346
430 431
19 327
19 347
327 328
57 450
327 348
328 329
328 349
57 430
329 330
329 31
330 331
429 449
330 350
331 332
331 21
429 57
332 333
332 351
333 334
428 448
333 352
334 335
334 56
428 429
335 336
335 353
336 43
86 447
336 354
43 337
43 355
86 428
337 338
337 356
338 339
427 446
338 357
339 340
339 358
427 86
340 341
340 359
341 342
426 445
341 360
342 120
342 361
426 427
120 17
120 362
17 363
425 444
343 84
308 328
309 310
436 437
309 329
310 311
310 330
435 455
311 312
311 331
312 313
435 436
312 332
313 18
313 333
434 454
18 54
18 334
54 314
434 435
54 335
314 315
314 336
58 453
315 316
315 43
316 92
58 434
316 337
92 317
92 338
433 452
317 318
317 339
318 319
433 58
318 340
319 320
319 341
432 451
320 321
320 342
321 322
432 433
321 120
322 17
323 324
431 90
323 343
324 121
324 84
431 432
121 325
121 344
325 326
430 65
325 345
291 311
292 293
292 312
46 463
293 294
293 313
294 50
46 441
294 18
50 295
50 54
440 462
295 296
295 314
296 119
440 46
296 315
119 297
119 316
102 461
297 298
297 92
298 299
102 440
298 317
299 300
299 318
55 460
300 88
300 319
88 301
55 102
88 320
301 81
301 321
439 459
81 322
16 302
16 323
439 55
302 303
302 324
303 304
438 458
303 121
304 305
304 325
437 457
305 306
305 326
306 307
437 438
306 19
307 308
307 327
436 456
308 309
274 275
274 50
275 276
447 469
275 295
276 77
276 296
447 448
77 277
77 119
277 278
446 468
277 297
278 95
278 298
446 447
95 44
95 299
44 279
445 467
44 300
279 280
279 88
445 446
280 281
280 301
281 81
444 466
282 283
282 16
283 284
444 445
283 302
284 285
284 303
443 36
285 286
285 304
286 287
443 444
286 305
287 75
287 306
442 465
75 288
75 307
288 289
442 443
288 308
289 290
289 309
441 464
290 291
290 310
291 292
441 442
106 91
206 229
20 188
20 204
1 490
188 189
206 207
188 205
189 15
189 206
205 228
15 190
15 207
190 78
205 206
190 40
78 123
472 473
78 208
204 227
123 191
123 209
191 98
204 205
191 210
98 192
98 211
91 226
192 193
192 212
472 491
193 194
91 204
193 213
194 195
194 214
66 225
195 196
195 215
196 197
66 91
196 216
197 198
473 474
197 217
203 224
198 199
198 218
199 200
203 66
199 219
200 201
200 220
8 223
201 111
201 87
473 492
111 202
8 203
111 221
202 222
172 189
470 471
173 174
212 233
173 15
174 11
174 190
212 213
11 175
11 78
175 176
211 232
175 123
176 109
470 83
176 191
211 212
109 67
109 98
67 28
210 73
67 192
28 177
28 193
210 211
177 32
177 194
471 1
32 178
209 231
32 195
178 179
178 196
209 210
179 180
179 197
180 181
208 97
180 198
181 182
471 489
181 199
208 209
182 183
182 200
183 184
40 42
183 201
184 185
184 111
40 208
185 202
186 187
1 472
186 8
207 230
187 112
187 203
112 106
207 40
112 66
106 20
156 60
156 175
219 9
60 157
60 176
157 158
219 220
157 109
158 159
468 469
158 67
218 49
159 160
159 28
160 13
218 219
160 177
13 161
13 32
217 108
161 162
161 178
468 64
162 163
217 218
162 179
163 22
163 180
216 236
22 164
22 181
164 165
216 217
164 182
165 7
469 470
165 183
215 116
7 166
7 184
166 185
215 216
167 168
167 186
168 169
214 235
168 187
169 170
469 488
169 112
214 215
170 48
170 106
48 171
213 234
48 20
171 172
171 188
213 214
172 173
137 158
138 139
226 227
138 159
139 140
36 485
139 160
225 51
140 141
140 13
141 142
225 226
141 161
142 143
142 162
224 241
143 4
143 163
466 467
4 144
224 225
4 22
144 145
144 164
223 240
145 146
145 165
146 147
223 224
146 7
147 166
466 486
148 149
222 239
148 167
149 150
149 168
221 238
150 124
150 169
124 151
221 222
124 170
151 152
467 468
151 48
87 93
152 153
152 171
153 154
87 221
153 172
154 101
154 173
220 237
101 155
101 174
467 487
155 156
220 87
155 11
464 465
231 73
97 247
97 231
464 483
42 246
42 97
125 126
125 148
230 245
126 127
126 149
465 36
127 128
230 42
127 150
128 129
128 124
229 244
129 130
129 151
130 131
229 230
130 152
131 132
465 484
131 153
228 243
132 133
132 154
133 134
228 229
133 101
134 103
134 155
227 89
103 135
103 156
36 466
135 136
227 228
135 60
136 137
136 157
226 242
137 138
236 108
116 252
462 463
116 236
235 113
235 116
462 481
234 251
234 235
233 61
463 464
233 234
232 250
232 233
463 482
73 249
73 232
231 248
240 241
239 260
459 480
238 259
238 239
93 258
460 461
93 238
237 257
237 93
460 59
9 256
9 237
49 255
461 462
49 9
108 254
108 49
461 71
236 253
245 246
456 478
244 267
244 245
243 266
457 458
243 244
89 265
89 243
457 41
242 264
242 89
51 263
458 479
51 242
241 262
241 51
459 460
240 261
251 113
61 52
61 251
454 477
250 273
250 61
249 272
455 456
249 250
248 271
248 249
455 23
247 270
247 248
246 269
456 457
246 247
245 268
257 258
256 95
452 453
256 257
255 278
255 256
452 475
254 277
254 255
253 77
453 454
253 254
252 276
252 253
453 476
113 275
113 252
251 274
454 455
273 52
448 470
273 293
52 274
52 294
448 449
272 292
270 271
449 471
270 290
271 272
271 291
449 450
272 273
267 75
268 269
268 288
450 65
269 270
269 289
265 266
265 286
65 90
266 267
266 287
267 268
450 1
90 451
263 264
263 284
264 265
65 472
264 285
260 281
261 262
90 473
261 282
262 263
262 283
257 44
451 474
258 259
258 279
259 260
451 452
259 280
62
1 63
2 64
3 65
4 66
5 67
6 68
7 69
8 70
9 71
10 72
11 73
12 74
13 75
14 76
15 77
16 78
17 79
18 80
19 81
20 82
21 83
22 84
23 85
24 86
25 87
26 88
27 89
28 90
29 91
30 92
31 93
32 94
33 95
34 96
35 97
36 98
37 99
38 100
39 101
40 102
41 103
42 104
43 105
44 106
45 107
46 108
47 109
48 110
49 111
50 112
51 113
52 114
53 115
54 116
55 117
56 118
57 119
58 120
59 121
60 122
61 123
62 124