625 1200
604 624
605 625
606 607
607 608
608 609
609 610
610 102
102 611
611 100
100 68
68 612
612 613
613 614
614 615
615 616
616 57
57 617
617 618
618 87
87 619
624 625
619 620
620 621
621 622
623 624
622 623
585 608
586 587
586 609
587 588
587 610
588 589
588 102
589 590
589 611
590 591
590 100
591 592
591 68
592 46
592 612
46 593
46 613
593 594
593 614
594 595
594 615
595 596
595 616
596 597
596 57
597 598
597 617
598 599
598 618
599 600
599 87
600 601
600 619
601 29
601 620
29 602
29 621
602 603
602 622
603 604
603 623
604 605
3 588
569 27
569 589
27 6
27 590
6 570
6 591
570 571
570 592
571 572
571 46
572 573
572 593
573 574
573 594
574 69
574 595
69 575
69 596
575 576
575 597
576 577
576 598
577 578
577 599
578 579
578 600
579 580
579 601
580 581
580 29
581 60
581 602
60 582
60 603
582 7
582 604
7 605
583 584
583 606
584 585
584 607
585 586
554 555
554 570
555 556
555 571
556 557
556 572
557 81
557 573
81 558
81 574
558 26
558 69
26 559
26 575
559 560
559 576
560 561
560 577
561 562
561 578
562 563
562 579
563 564
563 580
564 565
564 581
565 48
565 60
48 566
48 582
566 7
88 106
88 583
106 567
106 584
567 568
567 585
568 79
568 586
79 3
79 587
3 569
537 557
538 539
538 81
539 93
539 558
93 540
93 26
540 541
540 559
541 542
541 560
542 543
542 561
543 544
543 562
544 545
544 563
545 546
545 564
546 547
546 565
547 548
547 48
548 566
1 549
1 88
549 550
549 106
550 33
550 567
33 56
33 568
56 551
56 79
551 117
551 3
117 552
117 569
552 553
552 27
553 554
553 6
520 93
521 522
521 540
522 523
522 541
523 22
523 542
22 524
22 543
524 525
524 544
525 526
525 545
526 527
526 546
527 4
527 547
4 548
528 90
528 1
90 529
90 549
529 530
529 550
530 67
530 33
67 531
67 56
531 532
531 551
532 533
532 117
533 23
533 552
23 534
23 553
534 535
534 554
535 536
535 555
536 537
536 556
537 538
506 507
506 22
507 508
507 524
508 111
508 525
111 509
111 526
509 510
509 527
510 4
511 512
511 528
512 513
512 90
513 514
513 529
514 76
514 530
76 35
76 67
35 515
35 531
515 41
515 532
41 516
41 533
516 517
516 23
517 518
517 534
518 42
518 535
42 66
42 536
66 16
66 537
16 519
16 538
519 520
519 539
520 521
488 111
110 489
110 509
489 510
490 28
490 511
28 491
28 512
491 492
491 513
492 493
492 514
493 494
493 76
494 495
494 35
495 496
495 515
496 497
496 41
497 498
497 516
498 499
498 517
499 500
499 518
500 11
500 42
11 501
11 66
501 5
501 16
5 502
5 519
502 503
502 520
503 504
503 521
504 505
504 522
505 506
505 523
402 403
419 440
402 422
403 404
403 423
419 420
404 59
404 18
59 405
418 439
59 424
405 15
405 425
418 419
15 406
15 426
406 407
115 438
406 427
407 408
407 428
115 418
408 409
408 429
409 430
417 437
410 411
410 431
411 412
417 115
411 432
412 413
412 65
416 436
413 96
413 433
96 414
416 417
96 94
414 415
414 434
415 435
415 416
21 485
21 504
485 486
485 505
486 487
486 506
487 38
487 507
38 488
38 508
488 110
386 59
424 445
71 19
71 405
19 78
424 425
19 15
78 387
78 406
18 444
387 388
387 407
388 389
18 424
388 408
389 409
390 391
423 443
390 410
391 392
391 411
423 18
392 34
392 412
34 393
422 73
34 413
393 394
393 96
422 423
394 395
394 414
395 396
421 442
395 415
396 397
396 416
421 422
397 398
397 417
398 399
98 95
398 115
399 400
399 418
98 421
400 47
400 419
47 123
420 441
47 420
123 401
123 98
420 98
401 402
401 421
369 370
432 65
369 387
370 371
370 388
431 451
371 389
372 373
372 390
431 432
373 374
373 391
374 30
430 450
374 392
30 375
30 34
429 449
375 376
375 393
376 377
429 430
376 394
377 378
377 395
428 448
378 379
378 396
379 380
428 429
379 397
380 381
380 398
427 447
381 382
381 399
382 383
427 428
382 400
383 104
383 47
426 124
104 384
104 123
384 385
426 427
384 401
385 36
385 402
425 446
36 55
36 403
55 386
425 426
55 404
386 71
351 372
352 353
437 438
352 373
353 354
353 374
436 119
354 70
354 30
70 355
436 437
70 375
355 356
355 376
435 454
356 357
356 377
357 358
435 436
357 378
358 359
358 379
434 24
359 360
359 380
360 361
434 435
360 381
361 89
361 382
94 453
89 362
89 383
362 363
94 434
362 104
363 74
363 384
433 452
74 364
74 385
364 365
433 94
364 36
365 64
365 55
65 101
64 366
64 386
366 367
65 433
366 71
367 368
367 19
432 20
368 369
368 78
338 54
338 70
73 443
54 61
54 355
61 339
442 459
61 356
339 340
339 357
442 73
340 341
340 358
341 52
95 112
341 359
52 342
52 360
95 442
342 343
342 361
343 344
441 458
343 89
344 86
344 362
441 95
86 345
86 363
345 99
440 457
345 74
99 346
99 364
440 441
346 347
346 365
347 348
439 456
347 64
348 13
348 366
439 440
13 349
13 367
349 350
438 455
349 368
350 45
350 369
438 439
45 43
45 370
43 371
437 118
351 352
320 339
14 321
448 449
14 340
321 322
321 341
447 466
322 77
322 52
77 323
447 448
77 342
323 58
323 343
124 465
58 324
58 344
324 325
124 447
324 86
325 326
325 345
446 464
326 327
326 99
327 328
446 124
327 346
328 113
328 347
445 463
113 329
113 348
329 330
445 446
329 13
330 331
330 349
444 462
331 332
331 350
332 333
444 445
332 45
333 43
334 335
443 461
334 351
335 336
335 352
443 444
336 337
336 353
337 338
73 460
337 354
302 322
109 303
109 77
453 473
303 304
303 323
304 305
453 24
304 58
305 84
305 324
452 472
84 306
84 325
306 108
452 453
306 326
108 307
108 327
101 471
307 308
307 328
308 309
101 452
308 113
309 310
309 329
20 470
310 311
310 330
311 312
20 101
311 331
312 313
312 332
451 469
313 333
314 315
314 334
451 20
315 316
315 335
316 37
450 468
316 336
37 317
37 337
449 51
317 318
317 338
318 319
449 450
318 54
319 320
319 61
448 467
320 14
284 92
284 305
92 285
457 480
92 84
285 286
285 306
457 458
286 287
286 108
287 288
456 479
287 307
288 12
288 308
456 457
12 289
12 309
289 290
455 478
289 310
290 291
290 311
455 456
291 107
291 312
107 313
118 477
292 293
292 314
293 294
118 455
293 315
294 295
294 316
119 476
295 296
295 37
296 297
119 118
296 317
297 298
297 318
454 475
298 299
298 319
299 300
454 119
299 320
300 301
300 14
24 474
301 302
301 321
302 109
24 454
189 211
213 80
190 191
190 212
482 5
191 192
213 214
191 97
192 193
192 213
97 233
193 194
193 214
194 195
97 213
194 215
195 196
483 484
195 216
212 232
196 197
196 217
197 198
212 97
197 122
198 199
198 218
211 231
199 200
199 219
483 502
200 201
211 212
200 220
201 202
201 221
210 82
202 203
202 222
203 204
210 211
203 223
204 50
484 21
204 224
209 230
50 205
50 225
205 31
209 210
205 226
31 206
31 227
208 63
206 91
206 228
484 503
91 207
208 209
91 9
207 229
172 192
72 481
173 39
219 239
173 193
39 174
39 194
219 220
174 175
174 195
175 176
218 238
175 196
176 177
72 11
176 197
218 219
177 62
177 198
62 178
122 237
62 199
178 179
178 200
122 218
179 180
179 201
481 482
180 181
217 83
180 202
181 182
181 203
217 122
182 183
182 204
183 184
216 236
183 50
184 10
481 501
184 205
216 217
10 185
10 31
185 75
215 235
185 206
75 186
75 91
215 216
186 207
53 187
482 483
53 208
214 234
187 188
187 209
188 189
214 215
188 210
189 190
154 155
154 175
226 245
155 156
155 176
156 157
226 227
156 177
157 158
479 480
157 62
225 244
158 120
158 178
120 159
225 226
120 179
159 160
159 180
224 243
160 161
160 181
479 499
161 162
224 225
161 182
162 163
162 183
223 242
163 121
163 184
121 164
223 224
121 10
164 165
480 72
164 185
222 241
165 166
165 75
166 186
222 223
167 168
167 53
168 25
221 240
168 187
25 169
480 500
25 188
221 222
169 170
169 189
170 171
220 49
170 190
171 172
171 191
220 221
172 173
136 157
137 138
231 232
137 158
138 103
476 496
138 120
82 251
103 139
103 159
139 140
82 231
139 160
140 8
140 161
230 250
8 40
8 162
477 478
40 141
230 82
40 163
141 142
141 121
63 249
142 143
142 164
143 144
63 230
143 165
144 166
477 497
145 146
229 32
145 167
146 147
146 168
9 248
147 2
147 25
2 148
9 229
2 169
148 149
478 479
148 170
228 247
149 150
149 171
150 151
228 9
150 172
151 152
151 173
227 246
152 153
152 39
478 498
153 154
227 228
153 174
474 475
83 237
236 258
236 83
474 494
235 257
235 236
125 105
125 145
234 256
105 44
105 146
475 476
44 126
234 235
44 147
126 127
126 2
80 255
127 128
127 148
128 129
80 234
128 149
129 130
475 495
129 150
233 254
130 131
130 151
131 132
233 80
131 152
132 133
132 153
232 253
133 134
133 154
476 477
134 135
232 233
134 155
135 136
135 156
231 252
136 137
242 243
241 114
472 473
241 242
240 263
240 241
472 492
49 262
49 240
239 261
473 474
239 49
238 260
238 239
473 493
237 259
237 238
83 17
249 250
32 270
469 490
248 269
248 32
247 268
470 471
247 248
246 267
246 247
470 28
245 85
245 246
244 266
471 472
244 245
243 265
243 244
471 491
242 264
256 257
467 488
255 277
255 256
254 276
51 468
254 255
253 275
253 254
51 110
252 274
252 253
251 273
468 489
251 252
250 272
250 251
469 470
249 271
262 263
261 283
261 262
465 487
260 282
260 261
259 281
466 467
259 260
17 116
17 259
466 38
258 280
258 17
257 279
467 51
257 258
256 278
267 268
85 12
463 464
85 267
266 288
266 85
463 485
265 287
265 266
264 286
464 465
264 265
114 285
114 264
464 486
263 92
263 114
262 284
465 466
282 283
458 72
282 303
283 284
283 304
458 112
281 109
280 116
112 481
280 301
116 281
116 302
112 459
281 282
277 298
278 279
278 299
459 460
279 280
279 300
275 276
275 296
460 461
276 277
276 297
277 278
459 482
461 462
273 274
273 294
274 275
460 483
274 295
270 107
271 272
461 484
271 292
272 273
272 293
267 289
462 21
268 269
268 290
269 270
462 463
269 291
62
1 63
2 64
3 65
4 66
5 67
6 68
7 69
8 70
9 71
10 72
11 73
12 74
13 75
14 76
15 77
16 78
17 79
18 80
19 81
20 82
21 83
22 84
23 85
24 86
25 87
26 88
27 89
28 90
29 91
30 92
31 93
32 94
33 95
34 96
35 97
36 98
37 99
38 100
39 101
40 102
41 103
42 104
43 105
44 106
45 107
46 108
47 109
48 110
49 111
50 112
51 113
52 114
53 115
54 116
55 117
56 118
57 119
58 120
59 121
60 122
61 123
62 124