625 1200
609 625
77 113
610 611
611 612
612 73
73 31
31 25
25 93
93 613
613 614
614 44
44 111
111 615
615 616
616 617
617 20
20 618
618 619
619 620
620 33
625 113
33 621
621 622
622 623
624 625
623 624
593 612
29 69
29 73
69 594
69 31
594 120
594 25
120 595
120 93
595 596
595 613
596 597
596 614
597 598
597 44
598 599
598 111
599 100
599 615
100 600
100 616
600 601
600 617
601 602
601 20
602 603
602 618
603 604
603 619
604 605
604 620
605 606
605 33
606 607
606 621
607 608
607 622
608 79
608 623
79 609
79 624
609 77
577 594
75 578
75 120
578 80
578 595
80 579
80 596
579 580
579 597
580 581
580 598
581 582
581 599
582 583
582 100
583 584
583 600
584 585
584 601
585 586
585 602
586 60
586 603
60 7
60 604
7 587
7 605
587 47
587 606
47 588
47 607
588 12
588 608
12 589
12 79
589 590
589 609
590 77
591 592
591 610
592 593
592 611
593 29
559 560
559 579
560 561
560 580
561 562
561 581
562 9
562 582
9 563
9 583
563 564
563 584
564 114
564 585
114 59
114 586
59 565
59 60
565 566
565 7
566 567
566 587
567 568
567 47
568 569
568 588
569 570
569 12
570 571
570 589
571 590
572 573
572 591
573 574
573 592
574 575
574 593
575 576
575 29
576 577
576 69
577 75
66 562
545 57
545 9
57 40
57 563
40 546
40 564
546 547
546 114
547 548
547 59
548 38
548 565
38 549
38 566
549 550
549 567
550 101
550 568
101 551
101 569
551 112
551 570
112 571
552 553
552 572
553 554
553 573
554 50
554 574
50 555
50 575
555 556
555 576
556 557
556 577
557 558
557 75
558 51
558 578
51 559
51 80
527 40
528 529
528 546
529 530
529 547
530 531
530 548
531 532
531 38
532 21
532 549
21 533
21 550
533 104
533 101
104 534
104 551
534 112
535 536
535 552
536 537
536 553
537 538
537 554
538 110
538 50
110 539
110 555
539 540
539 556
540 15
540 557
15 541
15 558
541 542
541 51
542 543
542 559
543 544
543 560
544 66
544 561
66 545
507 508
507 531
508 72
508 532
72 509
72 21
509 510
509 533
510 511
510 104
511 534
512 513
512 535
513 514
513 536
514 515
514 537
515 516
515 538
516 517
516 110
517 518
517 539
518 519
518 540
519 520
519 15
520 521
520 541
521 522
521 542
522 523
522 543
523 524
523 544
524 525
524 66
525 526
525 545
526 527
526 57
527 528
486 509
487 488
487 510
488 511
70 489
70 512
489 490
489 513
490 491
490 514
491 492
491 515
492 493
492 516
493 494
493 517
494 495
494 518
495 496
495 519
496 497
496 520
497 498
497 521
498 499
498 522
499 500
499 523
500 501
500 524
501 502
501 525
502 503
502 526
503 504
503 527
504 505
504 528
505 506
505 529
506 507
506 530
399 400
92 103
399 421
400 401
400 422
92 418
401 402
401 423
402 403
417 439
402 424
403 404
403 425
417 92
404 405
404 426
405 406
16 438
405 427
406 407
406 428
16 417
407 408
407 429
408 430
416 437
409 410
409 431
410 22
416 16
410 432
22 411
22 433
415 436
411 412
411 81
412 413
415 416
412 434
413 414
413 99
414 435
414 415
48 483
48 505
483 90
483 506
90 484
90 507
484 485
484 508
485 486
485 72
486 487
377 402
424 446
378 379
378 403
379 380
424 425
379 404
380 381
380 405
423 445
381 382
381 406
382 383
423 424
382 407
383 408
384 385
422 444
384 409
385 386
385 410
422 423
386 387
386 22
387 388
421 443
387 411
388 389
388 412
421 422
389 390
389 413
390 391
420 442
390 414
391 392
391 415
420 421
392 393
392 416
393 394
419 441
393 16
394 395
394 417
419 420
395 396
395 92
396 397
418 440
396 418
397 398
397 419
418 419
398 399
398 420
359 360
432 433
359 381
360 361
360 382
431 452
361 383
362 363
362 384
431 432
363 364
363 385
364 365
430 451
364 386
365 366
365 387
429 450
366 367
366 388
367 122
429 430
367 389
122 368
122 390
428 449
368 369
368 391
369 370
428 429
369 392
370 371
370 393
427 76
371 372
371 394
372 373
427 428
372 395
373 374
373 396
426 448
374 375
374 397
375 3
426 427
375 398
3 118
3 399
425 447
118 376
118 400
376 377
425 426
376 401
377 378
339 362
340 341
437 438
340 363
341 342
341 364
436 82
342 54
342 365
54 343
436 437
54 366
343 344
343 367
435 457
344 345
344 122
345 346
435 436
345 368
346 347
346 369
99 456
347 348
347 370
348 349
99 435
348 371
349 350
349 372
434 108
350 351
350 373
351 352
434 99
351 374
352 353
352 375
81 455
353 61
353 3
61 354
81 434
61 118
354 355
354 376
433 454
355 356
355 377
356 357
433 81
356 378
357 358
357 379
432 453
358 359
358 380
323 324
323 54
443 444
324 325
324 343
325 2
442 462
325 344
2 326
2 345
442 443
326 41
326 346
41 327
441 461
41 347
327 98
327 348
441 442
98 86
98 349
86 13
440 460
86 350
13 328
13 351
440 441
328 329
328 352
329 330
103 107
329 353
330 331
330 61
103 440
331 332
331 354
332 333
439 459
332 355
333 334
333 356
439 103
334 335
334 357
335 336
438 458
335 358
336 337
336 359
438 439
337 338
337 360
338 361
437 36
339 340
305 2
306 56
449 450
306 326
56 95
56 41
76 469
95 307
95 327
307 308
76 449
307 98
308 6
308 86
448 468
6 309
6 13
309 310
448 76
309 328
310 311
310 329
447 467
311 312
311 330
312 313
447 448
312 331
313 314
313 332
446 466
314 315
314 333
315 316
446 447
315 334
316 317
316 335
445 465
317 318
317 336
318 106
445 446
318 337
106 338
319 320
444 464
319 339
320 321
320 340
444 445
321 322
321 341
322 323
443 463
322 342
291 95
64 292
64 307
108 109
292 293
292 308
293 97
108 456
293 6
97 294
97 309
455 473
294 37
294 310
37 87
455 108
37 311
87 55
87 312
454 53
55 295
55 313
295 296
454 455
295 314
296 297
296 315
453 123
297 78
297 316
78 298
453 454
78 317
298 62
298 318
452 472
62 106
299 300
299 319
452 453
300 301
300 320
301 302
451 471
301 321
302 303
302 322
450 470
303 304
303 323
304 26
450 451
304 324
26 305
26 325
449 42
305 306
275 276
275 97
276 277
107 74
276 294
277 278
277 37
107 460
278 279
278 87
279 83
459 478
279 55
83 280
83 295
459 107
280 281
280 296
281 67
458 477
281 297
67 282
67 78
458 459
282 283
282 298
283 62
36 476
284 285
284 299
285 286
36 458
285 300
286 14
286 301
82 475
14 23
14 302
23 287
82 36
23 303
287 288
287 304
457 474
288 19
288 26
19 289
457 82
19 305
289 290
289 306
456 65
290 291
290 56
291 64
456 457
183 205
208 224
45 184
45 206
480 502
184 185
208 209
184 207
185 186
185 208
207 223
186 187
186 209
187 188
207 208
187 210
188 189
481 482
188 24
206 222
189 190
189 211
190 191
206 207
190 88
191 192
191 212
205 221
192 193
192 213
481 503
193 194
205 206
193 214
194 195
194 35
204 18
195 124
195 68
124 196
204 205
124 215
196 197
482 48
196 216
203 10
197 198
197 217
198 32
203 204
198 11
32 199
32 218
202 220
199 200
199 219
482 504
200 201
202 203
200 84
201 52
117 185
479 34
164 165
213 229
164 186
165 166
165 187
213 214
166 167
166 188
167 168
212 96
167 189
168 169
479 500
168 190
212 213
169 170
169 191
170 171
88 228
170 192
171 172
171 193
88 212
172 173
172 194
34 480
173 174
211 227
173 195
174 175
174 124
211 88
175 176
175 196
176 177
24 226
176 197
177 178
34 501
177 198
24 211
178 179
178 32
179 121
210 225
179 199
121 180
121 200
210 24
180 201
181 182
480 481
181 202
209 105
182 49
182 203
49 183
209 210
49 204
183 45
148 94
148 167
11 236
94 149
94 168
149 150
11 218
149 169
150 151
478 74
150 170
217 235
151 152
151 171
152 153
217 11
152 172
153 154
153 173
216 234
154 102
154 174
478 498
102 155
216 217
102 175
155 28
155 176
215 233
28 156
28 177
156 157
215 216
156 178
157 158
74 479
157 179
68 232
158 159
158 121
159 180
68 215
160 161
160 181
161 91
35 231
161 182
91 162
74 499
91 49
35 68
162 163
162 183
163 17
214 230
163 45
17 117
17 184
214 35
117 164
89 150
135 5
221 222
135 151
5 136
475 495
5 152
18 242
136 137
136 153
137 116
18 221
137 154
116 138
116 102
10 241
138 139
138 155
476 477
139 43
10 18
139 28
43 58
43 156
220 240
58 140
58 157
140 85
220 10
140 158
85 159
476 496
141 142
52 239
141 160
142 8
142 161
84 238
8 4
8 91
4 39
84 52
4 162
39 143
477 478
39 163
219 46
143 144
143 17
144 145
219 84
144 117
145 146
145 164
218 237
146 147
146 165
477 497
147 148
218 219
147 166
65 474
227 228
226 249
226 227
65 493
225 248
225 226
27 125
27 141
105 247
125 126
125 142
474 475
126 127
105 225
126 8
127 128
127 4
224 246
128 129
128 39
129 130
224 105
129 143
130 131
474 494
130 144
223 245
131 132
131 145
132 133
223 224
132 146
133 134
133 147
222 244
134 119
134 148
475 476
119 115
222 223
119 94
115 89
115 149
221 243
89 135
233 234
232 256
473 109
232 233
231 255
231 232
473 491
230 254
230 231
229 253
109 65
229 230
96 252
96 229
109 492
228 251
228 96
227 250
240 241
239 1
472 70
238 262
238 239
46 261
123 53
46 238
237 260
237 46
123 489
236 259
236 237
235 258
53 473
235 236
234 257
234 235
53 490
233 71
247 248
42 486
246 268
246 247
245 267
470 471
245 246
244 266
244 245
470 487
243 63
243 244
242 265
471 488
242 243
241 264
241 242
472 123
240 263
254 255
253 274
253 254
468 484
252 273
252 253
251 272
469 42
251 252
250 30
250 251
469 485
249 271
249 250
248 270
42 470
248 249
247 269
260 261
259 280
466 467
259 260
258 83
258 259
466 483
257 279
257 258
71 278
467 468
71 257
256 277
256 71
467 90
255 276
255 256
254 275
468 469
273 274
460 479
273 292
274 275
274 293
460 461
272 64
271 30
461 34
271 290
30 272
30 291
461 462
272 273
268 288
269 270
269 19
462 463
270 271
270 289
266 267
266 23
463 464
267 268
267 287
268 269
462 480
464 465
265 63
265 286
63 266
463 481
63 14
1 283
263 264
464 482
263 284
264 265
264 285
260 281
465 48
261 262
261 67
262 1
465 466
262 282
62
1 63
2 64
3 65
4 66
5 67
6 68
7 69
8 70
9 71
10 72
11 73
12 74
13 75
14 76
15 77
16 78
17 79
18 80
19 81
20 82
21 83
22 84
23 85
24 86
25 87
26 88
27 89
28 90
29 91
30 92
31 93
32 94
33 95
34 96
35 97
36 98
37 99
38 100
39 101
40 102
41 103
42 104
43 105
44 106
45 107
46 108
47 109
48 110
49 111
50 112
51 113
52 114
53 115
54 116
55 117
56 118
57 119
58 120
59 121
60 122
61 123
62 124