625 1200
117 625
609 92
57 34
34 610
610 611
611 612
612 613
613 614
614 615
615 42
42 65
65 616
616 29
29 617
617 618
618 98
98 619
619 620
620 86
86 621
625 92
621 622
622 623
623 80
624 625
80 624
590 610
591 592
591 611
592 593
592 612
593 594
593 613
594 68
594 614
68 595
68 615
595 596
595 42
596 597
596 65
597 598
597 616
598 599
598 29
599 600
599 617
600 601
600 618
601 602
601 98
602 603
602 619
603 604
603 620
604 605
604 86
605 606
605 621
606 607
606 622
607 608
607 623
608 8
608 80
8 117
8 624
117 609
572 593
573 574
573 594
574 575
574 68
575 576
575 595
576 51
576 596
51 577
51 597
577 578
577 598
578 579
578 599
579 16
579 600
16 580
16 601
580 581
580 602
581 582
581 603
582 73
582 604
73 583
73 605
583 99
583 606
99 584
99 607
584 585
584 608
585 586
585 8
586 587
586 117
587 609
588 589
588 57
589 590
589 34
590 591
556 557
556 576
557 36
557 51
36 558
36 577
558 559
558 578
559 47
559 579
47 18
47 16
18 560
18 580
560 561
560 581
561 562
561 582
562 62
562 73
62 563
62 583
563 77
563 99
77 564
77 584
564 565
564 585
565 566
565 586
566 587
567 568
567 588
568 569
568 589
569 570
569 590
570 571
570 591
571 572
571 592
572 573
539 558
540 541
540 559
541 79
541 47
79 3
79 18
3 113
3 560
113 542
113 561
542 69
542 562
69 543
69 62
543 544
543 563
544 545
544 77
545 546
545 564
546 547
546 565
547 566
64 548
64 567
548 549
548 568
549 550
549 569
550 551
550 570
551 552
551 571
552 553
552 572
553 554
553 573
554 555
554 574
555 556
555 575
521 79
522 523
522 3
523 524
523 113
524 525
524 542
525 526
525 69
526 527
526 543
527 528
527 544
528 109
528 545
109 529
109 546
529 547
530 531
530 64
531 532
531 548
532 533
532 549
533 534
533 550
534 535
534 551
535 124
535 552
124 536
124 553
536 26
536 554
26 537
26 555
537 538
537 556
538 63
538 557
63 539
63 36
539 540
506 507
506 525
507 508
507 526
508 509
508 527
509 510
509 528
510 511
510 109
511 529
512 513
512 530
513 514
513 531
514 515
514 532
515 4
515 533
4 516
4 534
516 517
516 535
517 11
517 124
11 518
11 536
518 519
518 26
519 70
519 537
70 520
70 538
520 116
520 63
116 93
116 539
93 107
93 540
107 521
107 541
521 522
489 509
490 491
490 510
491 511
492 493
492 512
493 494
493 513
494 495
494 514
495 37
495 515
37 496
37 4
496 497
496 516
497 96
497 517
96 498
96 11
498 499
498 518
499 500
499 519
500 501
500 70
501 60
501 520
60 502
60 116
502 503
502 93
503 48
503 107
48 504
48 521
504 95
504 522
95 505
95 523
505 506
505 524
403 111
418 436
403 421
111 404
111 422
418 419
404 122
404 423
122 405
417 94
122 110
405 118
405 424
417 418
118 406
118 425
406 407
416 435
406 426
407 408
407 427
416 417
408 409
408 112
409 428
415 434
410 66
410 429
66 411
415 416
66 85
411 12
411 430
414 433
12 412
12 431
412 103
414 415
412 49
103 413
103 1
413 432
413 414
484 485
484 95
485 486
485 505
486 487
486 506
487 488
487 507
488 489
488 508
489 490
41 122
110 17
108 33
108 405
33 385
110 424
33 118
385 386
385 406
423 440
386 387
386 407
387 388
423 110
387 408
388 409
389 390
422 14
389 410
390 391
390 66
422 423
391 58
391 411
58 392
421 439
58 12
392 393
392 412
421 422
393 394
393 103
394 395
420 438
394 413
395 396
395 414
420 421
396 397
396 415
397 398
22 59
397 416
398 399
398 417
22 420
399 400
399 418
400 401
419 437
400 419
401 402
401 22
419 22
402 403
402 420
365 366
85 430
365 386
366 367
366 387
429 445
367 388
368 369
368 389
429 85
369 370
369 390
370 371
428 67
370 391
371 372
371 58
112 444
372 373
372 392
373 374
112 428
373 393
374 375
374 394
427 443
375 376
375 395
376 377
427 112
376 396
377 378
377 397
426 52
378 379
378 398
379 380
426 427
379 399
380 105
380 400
425 442
105 381
105 401
381 382
425 426
381 402
382 383
382 403
424 441
383 384
383 111
384 41
424 425
384 404
41 108
88 368
347 348
434 435
347 369
348 349
348 370
433 452
349 350
349 371
350 351
433 434
350 372
351 352
351 373
432 451
352 353
352 374
353 354
432 433
353 375
354 355
354 376
1 450
355 82
355 377
82 356
1 432
82 378
356 357
356 379
49 449
357 358
357 380
358 359
49 1
358 105
359 360
359 381
431 448
360 361
360 382
361 27
431 49
361 383
27 362
27 384
430 447
362 50
362 41
50 363
430 431
50 108
363 364
363 33
85 446
364 365
364 385
327 328
327 350
439 14
328 329
328 351
329 6
438 458
329 352
6 330
6 353
438 439
330 331
330 354
331 332
59 457
331 355
332 333
332 82
59 438
333 334
333 356
334 335
437 456
334 357
335 336
335 358
437 59
336 337
336 359
337 338
436 455
337 360
338 339
338 361
436 437
339 340
339 27
340 341
94 454
340 362
341 342
341 50
94 436
342 343
342 363
343 344
435 84
343 364
344 345
344 365
435 94
345 346
345 366
346 367
434 453
88 347
87 6
102 311
443 444
102 330
311 312
311 331
52 465
312 313
312 332
313 314
52 443
313 333
314 315
314 334
442 464
315 316
315 335
316 317
442 52
316 336
317 318
317 337
441 463
318 319
318 338
319 72
441 442
319 339
72 320
72 340
17 462
320 321
320 341
321 322
17 441
321 342
322 323
322 343
440 461
323 74
323 344
74 324
440 17
74 345
324 346
325 326
14 460
325 88
326 5
326 347
14 440
5 30
5 348
30 327
439 459
30 349
294 312
295 296
295 313
449 473
296 297
296 314
297 298
449 450
297 315
298 24
298 316
448 472
24 299
24 317
299 300
448 449
299 318
300 301
300 319
447 471
301 10
301 72
10 40
447 448
10 320
40 302
40 321
446 470
302 303
302 322
303 304
446 447
303 323
304 305
304 74
445 469
305 324
306 106
306 325
445 446
106 307
106 326
307 101
67 468
307 5
101 308
101 30
444 467
308 309
308 327
309 310
444 67
309 328
310 87
310 329
443 466
87 102
275 276
275 298
276 277
455 479
276 24
277 278
277 299
455 456
278 279
278 300
279 280
454 478
279 301
280 281
280 10
454 455
281 282
281 40
282 283
84 477
282 302
283 83
283 303
84 454
83 284
83 304
284 305
453 476
285 286
285 306
286 287
453 84
286 106
287 288
287 307
452 475
288 289
288 101
289 290
452 453
289 308
290 7
290 309
451 474
7 291
7 310
291 292
451 452
291 87
292 293
292 102
450 13
293 294
293 311
294 295
450 451
32 71
207 226
97 189
97 205
2 503
189 119
207 208
189 206
119 23
119 207
206 46
23 190
23 208
190 191
206 207
190 209
191 192
482 483
191 210
205 225
192 31
192 211
31 193
205 206
31 212
193 194
193 213
71 224
194 195
194 214
482 48
195 196
71 205
195 20
196 81
196 215
38 223
81 197
81 123
197 198
38 71
197 120
198 199
483 484
198 216
204 222
199 21
199 35
21 200
204 38
21 114
200 201
200 217
203 221
201 202
201 218
483 504
202 45
203 204
202 219
45 220
172 119
480 481
173 174
214 233
173 23
174 175
174 190
214 20
175 176
175 191
176 177
213 232
176 192
177 178
480 60
177 31
213 214
178 179
178 193
179 91
212 231
179 194
91 180
91 195
212 213
180 181
180 196
481 2
181 182
211 230
181 81
182 183
182 197
211 212
183 184
183 198
184 185
210 229
184 199
185 39
481 502
185 21
210 211
39 44
39 200
44 186
209 228
44 201
186 56
186 202
209 210
56 45
54 187
2 482
54 203
208 227
187 188
187 204
188 32
208 209
188 38
32 97
156 157
156 176
114 239
157 158
157 177
158 159
114 217
158 178
159 75
478 479
159 179
35 238
75 55
75 91
55 160
35 114
55 180
160 161
160 181
216 237
161 162
161 182
478 500
162 163
216 35
162 183
163 100
163 184
120 236
100 164
100 185
164 165
120 216
164 39
165 166
479 480
165 44
123 53
166 167
166 186
167 56
123 120
115 168
115 54
168 28
215 235
168 187
28 169
479 501
28 188
215 123
169 170
169 32
170 171
20 234
170 97
171 172
171 189
20 215
172 173
136 159
137 138
224 225
137 75
138 139
475 96
138 55
223 245
139 140
139 160
140 141
223 224
140 161
141 142
141 162
222 244
142 61
142 163
476 477
61 143
222 223
61 100
143 144
143 164
221 243
144 104
144 165
104 145
221 222
104 166
145 167
476 498
146 147
220 121
146 115
147 148
147 168
219 242
148 149
148 28
149 150
219 220
149 169
150 151
477 478
150 170
218 241
151 152
151 171
152 153
218 219
152 172
153 154
153 173
217 240
154 155
154 174
477 499
155 156
217 218
155 175
13 474
230 231
229 250
229 230
13 496
228 249
228 229
25 125
25 146
227 19
125 126
125 147
474 475
126 127
227 228
126 148
127 128
127 149
226 248
128 129
128 150
129 130
226 227
129 151
130 131
474 497
130 152
46 247
131 132
131 153
132 133
46 226
132 154
133 9
133 155
225 89
9 134
9 156
475 476
134 135
225 46
134 157
135 136
135 158
224 246
136 137
236 237
53 256
472 473
53 236
235 255
235 53
472 495
234 15
234 235
233 254
473 13
233 234
232 253
232 233
473 37
231 252
231 232
230 251
243 244
121 90
469 492
242 261
242 121
241 76
470 471
241 242
240 260
240 241
470 493
239 259
239 240
238 258
471 472
238 239
237 78
237 238
471 494
236 257
19 249
466 489
248 268
248 19
247 267
467 468
247 248
89 266
89 247
467 490
246 265
246 89
245 264
468 491
245 246
244 263
244 245
469 470
243 262
15 255
254 274
254 15
464 487
253 273
253 254
252 272
465 466
252 253
251 271
251 252
465 488
250 270
250 251
249 269
466 467
249 250
19 43
260 76
259 281
462 463
259 260
258 280
258 259
462 485
78 279
78 258
257 278
463 464
257 78
256 277
256 257
463 486
255 276
255 256
15 275
464 465
273 274
456 480
273 296
274 275
274 297
456 457
272 295
270 271
457 481
270 293
271 272
271 294
457 458
272 273
268 7
43 269
43 291
458 459
269 270
269 292
266 267
266 289
459 460
267 268
267 290
268 43
458 2
460 461
264 265
264 287
265 266
459 482
265 288
90 284
262 263
460 483
262 285
263 264
263 286
260 282
461 484
76 261
76 283
261 90
461 462
261 83
62
1 63
2 64
3 65
4 66
5 67
6 68
7 69
8 70
9 71
10 72
11 73
12 74
13 75
14 76
15 77
16 78
17 79
18 80
19 81
20 82
21 83
22 84
23 85
24 86
25 87
26 88
27 89
28 90
29 91
30 92
31 93
32 94
33 95
34 96
35 97
36 98
37 99
38 100
39 101
40 102
41 103
42 104
43 105
44 106
45 107
46 108
47 109
48 110
49 111
50 112
51 113
52 114
53 115
54 116
55 117
56 118
57 119
58 120
59 121
60 122
61 123
62 124