625 1200
98 624
603 625
604 605
605 5
5 606
606 607
607 608
608 609
609 610
610 611
611 612
612 613
613 45
45 614
614 615
615 616
616 617
617 618
618 619
619 620
624 625
620 1
1 621
621 622
623 624
622 623
587 5
588 589
588 606
589 590
589 607
590 591
590 608
591 592
591 609
592 593
592 610
593 594
593 611
594 595
594 612
595 53
595 613
53 75
53 45
75 596
75 614
596 597
596 615
597 598
597 616
598 55
598 617
55 599
55 618
599 600
599 619
600 20
600 620
20 56
20 1
56 601
56 621
601 602
601 622
602 98
602 623
98 603
573 590
93 574
93 591
574 575
574 592
575 576
575 593
576 577
576 594
577 105
577 595
105 6
105 53
6 76
6 75
76 116
76 596
116 101
116 597
101 578
101 598
578 579
578 55
579 580
579 599
580 581
580 600
581 582
581 20
582 583
582 56
583 584
583 601
584 58
584 602
58 585
58 98
585 603
118 586
118 604
586 587
586 605
587 588
554 555
554 576
555 556
555 577
556 15
556 105
15 108
15 6
108 557
108 76
557 558
557 116
558 559
558 101
559 560
559 578
560 561
560 579
561 562
561 580
562 563
562 581
563 564
563 582
564 565
564 583
565 566
565 584
566 567
566 58
567 585
568 569
568 118
569 570
569 586
570 571
570 587
571 572
571 588
572 573
572 589
573 93
89 15
535 536
535 108
536 24
536 557
24 537
24 558
537 538
537 559
538 539
538 560
539 540
539 561
540 541
540 562
541 542
541 563
542 543
542 564
543 544
543 565
544 124
544 566
124 567
545 546
545 568
546 547
546 569
547 548
547 570
548 549
548 571
549 550
549 572
550 551
550 573
551 552
551 93
552 553
552 574
553 554
553 575
516 24
517 518
517 537
518 519
518 538
519 520
519 539
520 521
520 540
521 522
521 541
522 523
522 542
523 524
523 543
524 525
524 544
525 124
526 527
526 545
527 528
527 546
528 529
528 547
529 122
529 548
122 530
122 549
530 531
530 550
531 97
531 551
97 532
97 552
532 533
532 553
533 10
533 554
10 534
10 555
534 89
534 556
89 535
499 500
499 520
500 501
500 521
501 502
501 522
502 31
502 523
31 503
31 524
503 525
504 505
504 526
505 60
505 527
60 506
60 528
506 507
506 529
507 508
507 122
508 509
508 530
509 510
509 531
510 112
510 97
112 511
112 532
511 512
511 533
512 513
512 10
513 70
513 534
70 514
70 89
514 515
514 535
515 516
515 536
516 517
479 502
480 481
480 31
481 503
482 483
482 504
483 484
483 505
484 485
484 60
485 486
485 506
486 487
486 507
487 488
487 508
488 489
488 509
489 12
489 510
12 490
12 112
490 491
490 511
491 492
491 512
492 493
492 513
493 16
493 70
16 494
16 514
494 495
494 515
495 496
495 516
496 497
496 517
497 498
497 518
498 499
498 519
398 399
26 435
398 418
399 400
399 52
26 416
400 401
400 419
401 402
415 434
401 420
402 403
402 421
415 26
403 404
403 422
404 405
414 433
404 423
405 406
405 424
414 415
406 407
406 425
407 426
2 432
32 408
32 35
408 409
2 414
408 78
409 410
409 427
44 431
410 411
410 428
411 412
44 2
411 429
412 413
412 54
413 430
413 44
475 476
475 497
476 477
476 498
477 478
477 499
478 19
478 500
19 479
19 501
479 480
115 401
420 95
85 381
85 402
381 382
420 421
381 403
382 383
382 404
419 439
383 384
383 405
384 385
419 420
384 406
385 407
386 106
52 438
386 32
106 387
106 408
52 419
387 66
387 409
66 388
418 437
66 410
388 389
388 411
418 52
389 390
389 412
390 391
417 48
390 413
391 392
391 44
417 418
392 393
392 2
393 394
8 436
393 414
394 91
394 415
8 417
91 395
91 26
395 396
416 103
395 416
396 397
396 8
416 8
397 398
397 417
367 368
78 427
367 383
368 9
368 384
35 446
9 385
79 369
79 386
35 78
369 370
369 106
370 371
426 445
370 387
371 372
371 66
425 444
372 373
372 388
373 3
425 426
373 389
3 42
3 390
424 443
42 374
42 391
374 375
424 425
374 392
375 376
375 393
423 442
376 377
376 394
377 378
423 424
377 91
378 51
378 395
422 441
51 67
51 396
67 21
422 423
67 397
21 379
21 398
421 440
379 380
379 399
380 115
421 422
380 400
115 85
72 79
349 350
432 433
349 369
350 49
350 370
431 7
49 351
49 371
351 352
431 432
351 372
352 353
352 373
430 451
353 354
353 3
354 355
430 431
354 42
355 356
355 374
54 94
356 22
356 375
22 357
54 430
22 376
357 358
357 377
429 450
358 359
358 378
359 360
429 54
359 51
360 361
360 67
428 449
361 100
361 21
100 362
428 429
100 379
362 363
362 380
427 448
363 364
363 115
364 365
427 428
364 85
365 366
365 381
78 447
366 367
366 382
333 334
333 351
437 438
334 27
334 352
27 335
48 455
27 353
335 73
335 354
48 437
73 65
73 355
65 336
436 123
65 356
336 337
336 22
436 48
337 338
337 357
338 339
103 454
338 358
339 340
339 359
103 436
340 341
340 360
341 342
435 453
341 361
342 343
342 100
435 103
343 344
343 362
344 345
434 111
344 363
345 346
345 364
434 435
346 117
346 365
117 77
433 452
117 366
77 347
77 367
433 434
347 348
347 368
348 9
432 39
72 349
317 335
318 319
443 444
318 73
319 320
319 65
442 460
320 321
320 336
321 86
442 443
321 337
86 102
86 338
441 459
102 322
102 339
322 323
441 442
322 340
323 324
323 341
440 63
324 325
324 342
325 326
440 441
325 343
326 38
326 344
95 64
38 327
38 345
327 328
95 440
327 346
328 37
328 117
439 458
37 329
37 77
329 330
439 95
329 347
330 348
25 82
438 457
25 72
82 331
82 349
438 439
331 332
331 350
332 333
437 456
332 49
297 320
298 299
298 321
450 466
299 300
299 86
300 301
450 94
300 102
301 47
301 322
449 74
47 302
47 323
302 303
449 450
302 324
303 304
303 325
448 68
304 305
304 326
305 61
448 449
305 38
61 306
61 327
447 465
306 307
306 328
307 308
447 448
307 37
308 309
308 329
446 464
309 330
310 311
310 25
446 447
311 312
311 82
312 313
445 463
312 331
313 314
313 332
444 462
314 315
314 333
315 316
444 445
315 334
316 317
316 27
443 461
317 318
87 282
87 301
282 283
453 473
282 47
283 284
283 302
453 454
284 285
284 303
285 109
111 472
285 304
109 286
109 305
111 453
286 50
286 61
50 287
452 471
50 306
287 288
287 307
452 111
288 289
288 308
289 309
39 470
92 290
92 310
290 28
39 452
290 311
28 291
28 312
7 469
291 292
291 313
292 293
7 39
292 314
293 294
293 315
451 468
294 30
294 316
30 295
451 7
30 317
295 296
295 318
94 467
296 297
296 319
297 298
94 451
191 212
214 236
192 193
192 11
474 494
193 194
214 215
193 213
194 195
194 214
213 235
195 196
195 215
196 197
213 214
196 216
197 198
57 43
197 217
11 88
198 199
198 46
199 200
11 213
199 218
200 40
200 219
212 234
40 201
40 220
57 495
201 202
212 11
201 221
202 203
202 222
211 233
203 204
203 223
204 205
211 212
204 224
205 206
43 475
205 96
33 232
206 207
206 225
207 83
33 211
207 226
83 208
83 227
81 231
208 209
208 228
43 496
209 210
81 33
209 229
210 230
171 194
114 62
172 173
220 240
172 195
173 174
173 196
220 221
174 175
174 197
175 176
219 239
175 198
176 177
114 493
176 199
219 220
177 178
177 200
178 179
218 104
178 40
179 180
179 201
218 219
180 181
180 202
62 474
181 182
46 13
181 203
182 183
182 204
46 218
183 17
183 205
17 184
217 238
17 206
184 185
62 16
184 207
217 46
185 113
185 83
113 186
216 237
113 208
186 187
186 209
216 217
187 210
188 189
474 57
188 81
215 110
189 190
189 33
190 191
215 216
190 211
191 192
152 153
152 175
226 245
153 154
153 176
154 155
226 227
154 177
155 156
472 473
155 178
225 244
156 157
156 179
157 158
225 226
157 180
158 159
158 181
96 36
159 160
159 182
472 491
160 71
96 225
160 183
71 161
71 17
224 14
161 69
161 184
69 162
224 96
69 185
162 163
473 114
162 113
223 243
163 164
163 186
164 187
223 224
165 166
165 188
166 167
222 242
166 189
167 168
473 492
167 190
222 223
168 169
168 191
169 170
221 241
169 192
170 171
170 193
221 222
171 172
134 155
135 136
234 88
135 156
136 137
469 489
136 157
233 251
137 138
137 158
138 139
233 234
138 159
139 140
139 160
232 250
140 107
140 71
470 471
107 141
232 233
107 161
141 142
141 69
231 249
142 90
142 162
90 143
231 232
90 163
143 164
470 12
144 145
230 119
144 165
145 146
145 166
229 248
146 59
146 167
59 147
229 230
59 168
147 148
471 472
147 169
228 247
148 149
148 170
149 150
228 229
149 171
150 4
150 172
227 246
4 151
4 173
471 490
151 152
227 228
151 174
467 468
13 104
238 29
238 13
467 487
237 99
237 238
125 121
125 144
110 255
121 126
121 145
468 469
126 127
110 237
126 146
127 128
127 59
236 254
128 34
128 147
34 80
236 110
34 148
80 129
468 488
80 149
235 253
129 130
129 150
130 18
235 236
130 4
18 131
18 151
88 252
131 132
131 152
469 470
132 133
88 235
132 153
133 134
133 154
234 23
134 135
14 36
243 262
74 466
243 14
242 261
242 243
74 485
241 260
241 242
240 259
466 467
240 241
239 258
239 240
466 486
104 257
104 239
13 256
249 250
119 84
464 482
248 269
248 119
247 268
465 68
247 248
246 267
246 247
465 483
245 266
245 246
244 265
68 74
244 245
36 264
36 244
68 484
14 263
255 99
461 479
254 275
254 255
253 274
462 463
253 254
252 273
252 253
462 480
23 272
23 252
251 271
463 481
251 23
250 41
250 251
464 465
249 270
260 261
259 120
259 260
459 478
258 281
258 259
257 280
460 461
257 258
256 279
256 257
460 19
29 278
29 256
99 277
461 462
99 29
255 276
267 268
266 286
64 63
266 267
265 109
265 266
64 476
264 285
264 265
263 284
63 459
263 264
262 283
262 263
63 477
261 282
261 262
260 87
459 460
281 120
454 114
281 299
120 87
120 300
454 123
280 298
278 279
123 62
278 296
279 280
279 297
123 455
280 281
275 294
276 277
276 30
455 456
277 278
277 295
273 274
273 292
456 457
274 275
274 293
275 276
455 474
457 458
271 272
271 28
272 273
456 57
272 291
84 289
270 41
457 43
270 92
41 271
41 290
267 50
458 475
268 269
268 287
269 84
458 64
269 288
62
1 63
2 64
3 65
4 66
5 67
6 68
7 69
8 70
9 71
10 72
11 73
12 74
13 75
14 76
15 77
16 78
17 79
18 80
19 81
20 82
21 83
22 84
23 85
24 86
25 87
26 88
27 89
28 90
29 91
30 92
31 93
32 94
33 95
34 96
35 97
36 98
37 99
38 100
39 101
40 102
41 103
42 104
43 105
44 106
45 107
46 108
47 109
48 110
49 111
50 112
51 113
52 114
53 115
54 116
55 117
56 118
57 119
58 120
59 121
60 122
61 123
62 124