625 1200
603 624
604 625
94 605
605 606
606 607
607 608
608 78
78 609
609 610
610 77
77 611
611 612
612 613
613 614
614 615
615 616
616 617
617 618
618 619
619 620
624 625
620 621
621 622
622 623
5 624
623 5
106 606
589 590
589 607
590 591
590 608
591 592
591 78
592 117
592 609
117 593
117 610
593 594
593 77
594 595
594 611
595 11
595 612
11 596
11 613
596 597
596 614
597 14
597 615
14 598
14 616
598 57
598 617
57 599
57 618
599 34
599 619
34 43
34 620
43 600
43 621
600 601
600 622
601 602
601 623
602 603
602 5
603 604
572 591
573 73
573 592
73 574
73 117
574 575
574 593
575 576
575 594
576 47
576 595
47 577
47 11
577 82
577 596
82 578
82 597
578 579
578 14
579 580
579 598
580 59
580 57
59 63
59 599
63 581
63 34
581 582
581 43
582 583
582 600
583 584
583 601
584 585
584 602
585 586
585 603
586 604
587 588
587 94
588 106
588 605
106 589
553 554
553 575
554 555
554 576
555 556
555 47
556 557
556 577
557 558
557 82
558 81
558 578
81 559
81 579
559 560
559 580
560 102
560 59
102 561
102 63
561 562
561 581
562 563
562 582
563 564
563 583
564 565
564 584
565 566
565 585
566 586
567 568
567 587
568 569
568 588
569 570
569 106
570 571
570 589
571 572
571 590
572 573
533 556
534 535
534 557
535 536
535 558
536 537
536 81
537 538
537 559
538 539
538 560
539 540
539 102
540 541
540 561
541 542
541 562
542 543
542 563
543 4
543 564
4 544
4 565
544 566
545 546
545 567
546 547
546 568
547 548
547 569
548 549
548 570
549 550
549 571
550 111
550 572
111 551
111 573
551 552
551 73
552 553
552 574
516 536
517 32
517 537
32 74
32 538
74 518
74 539
518 519
518 540
519 520
519 541
520 521
520 542
521 107
521 543
107 522
107 4
522 544
523 524
523 545
524 525
524 546
525 28
525 547
28 526
28 548
526 527
526 549
527 528
527 550
528 529
528 111
529 69
529 551
69 530
69 552
530 531
530 553
531 532
531 554
532 533
532 555
533 534
499 89
499 518
89 27
89 519
27 500
27 520
500 501
500 521
501 54
501 107
54 522
502 503
502 523
503 86
503 524
86 504
86 525
504 505
504 28
505 506
505 526
506 507
506 527
507 508
507 528
508 509
508 529
509 510
509 69
510 511
510 530
511 512
511 531
512 513
512 532
513 514
513 533
514 515
514 534
515 516
515 535
516 517
483 500
484 485
484 501
485 54
2 486
2 502
486 487
486 503
487 70
487 86
70 60
70 504
60 488
60 505
488 489
488 506
489 490
489 507
490 491
490 508
491 37
491 509
37 492
37 510
492 493
492 511
493 494
493 512
494 495
494 513
495 42
495 514
42 31
42 515
31 496
31 516
496 497
496 517
497 498
497 32
498 499
498 74
109 399
417 437
109 421
399 400
399 422
417 418
400 401
400 423
401 402
416 119
401 424
402 403
402 425
416 417
403 404
403 426
404 6
415 436
404 110
6 405
6 427
415 416
405 13
405 428
13 429
414 48
406 407
406 430
407 408
414 415
407 431
408 409
408 432
413 104
409 410
409 433
410 411
413 414
410 434
411 412
411 68
412 435
412 413
479 480
479 497
480 481
480 498
481 482
481 499
482 64
482 89
64 483
64 27
483 484
381 401
424 444
382 383
382 402
383 384
424 425
383 403
384 385
384 404
423 443
385 8
385 6
8 386
423 424
8 405
386 13
387 388
422 442
387 406
388 389
388 407
422 423
389 390
389 408
390 3
421 441
390 409
3 391
3 410
421 422
391 392
391 411
392 393
420 440
392 412
393 53
393 413
420 421
53 394
53 414
394 395
419 439
394 415
395 396
395 416
419 420
396 397
396 417
397 398
418 438
397 418
398 18
398 419
418 419
18 109
18 420
365 366
431 432
365 385
366 367
366 8
430 88
367 386
368 369
368 387
430 431
369 75
369 388
75 370
429 448
75 389
370 371
370 390
428 447
371 115
371 3
115 372
428 429
115 391
372 116
372 392
427 446
116 79
116 393
79 373
427 428
79 53
373 91
373 394
110 124
91 374
91 395
374 375
110 427
374 396
375 376
375 397
426 35
376 377
376 398
377 378
426 110
377 18
378 379
378 109
425 445
379 380
379 399
380 381
425 426
380 400
381 382
122 368
349 350
48 436
349 369
350 351
350 75
104 453
351 352
351 370
352 353
104 48
352 371
353 354
353 115
435 452
354 355
354 372
355 12
435 104
355 116
12 356
12 79
68 451
356 357
356 373
357 358
68 435
357 91
358 71
358 374
434 450
71 66
71 375
66 359
434 68
66 376
359 38
359 377
433 449
38 360
38 378
360 361
433 434
360 379
361 362
361 380
432 51
362 96
362 381
96 363
432 433
96 382
363 364
363 383
431 22
364 365
364 384
333 26
333 352
441 442
26 62
26 353
62 334
440 459
62 354
334 335
334 355
440 441
335 336
335 12
336 337
439 458
336 356
337 338
337 357
439 440
338 339
338 358
339 45
438 457
339 71
45 340
45 66
438 439
340 341
340 359
341 342
437 105
341 38
342 80
342 360
437 438
80 343
80 361
343 344
119 456
343 362
344 345
344 96
119 437
345 346
345 363
346 347
436 455
346 364
347 348
347 365
436 119
348 20
348 366
20 367
48 454
122 349
314 334
315 316
446 447
315 335
316 24
316 336
124 466
24 50
24 337
50 317
124 446
50 338
317 318
317 339
35 465
318 16
318 45
16 319
35 124
16 340
319 320
319 341
445 464
320 321
320 342
321 322
445 35
321 80
322 323
322 343
444 463
323 324
323 344
324 325
444 445
324 345
325 326
325 346
443 462
326 327
326 347
327 328
443 444
327 348
328 20
329 330
442 461
329 122
330 331
330 349
442 443
331 332
331 350
332 333
441 460
332 351
295 24
296 297
296 50
450 61
297 298
297 317
298 93
450 451
298 318
93 299
93 16
449 471
299 300
299 319
300 301
449 450
300 320
301 302
301 321
51 470
302 303
302 322
303 98
51 449
303 323
98 304
98 324
22 120
304 305
304 325
305 306
22 51
305 326
306 307
306 327
88 469
307 328
308 309
308 329
88 22
309 310
309 330
310 36
448 99
310 331
36 311
36 332
447 468
311 312
311 333
312 313
447 448
312 26
313 314
313 62
446 467
314 315
277 278
277 93
278 279
105 476
278 299
279 280
279 300
105 457
280 17
280 301
17 281
456 475
17 302
281 282
281 303
456 105
282 87
282 98
87 283
455 474
87 304
283 284
283 305
455 456
284 285
284 306
285 307
454 101
286 287
286 308
287 288
454 455
287 309
288 289
288 310
453 44
289 108
289 36
108 290
453 454
108 311
290 291
290 312
452 473
291 292
291 313
292 293
452 453
292 314
293 294
293 315
451 472
294 295
294 316
295 296
451 452
185 207
210 233
186 187
186 208
478 42
187 21
210 211
187 209
21 188
21 210
209 232
188 189
188 211
189 190
209 210
189 212
190 191
92 55
190 213
208 231
191 192
191 7
192 84
208 209
192 214
84 193
84 215
207 230
193 194
193 216
92 31
194 195
207 208
194 217
195 196
195 218
206 229
196 197
196 219
197 198
206 207
197 220
198 199
55 479
198 221
205 228
199 200
199 222
200 201
205 206
200 223
201 202
201 224
29 227
202 203
202 97
55 496
203 204
29 205
203 225
204 226
56 21
477 33
169 170
216 67
169 188
170 171
170 189
216 217
171 172
171 190
172 52
215 237
172 191
52 173
477 494
52 192
215 216
173 174
173 84
174 175
214 236
174 193
175 176
175 194
214 215
176 177
176 195
33 478
177 178
7 235
177 196
178 65
178 197
7 214
65 179
65 198
179 180
213 234
179 199
180 181
33 495
180 200
213 7
181 58
181 201
58 182
212 112
58 202
182 183
182 203
212 213
183 204
184 25
478 92
184 29
211 9
25 123
25 205
123 185
211 212
123 206
185 186
41 152
41 172
223 241
152 153
152 52
153 154
223 224
153 173
154 155
475 476
154 174
222 240
155 156
155 175
156 157
222 223
156 176
157 158
157 177
221 1
158 159
158 178
475 492
159 160
221 222
159 65
160 161
160 179
220 239
161 90
161 180
90 15
220 221
90 181
15 162
476 477
15 58
219 118
162 121
162 182
121 183
219 220
163 164
163 184
164 165
218 19
164 25
165 166
476 493
165 123
218 219
166 167
166 185
167 168
217 238
167 186
168 56
168 187
217 218
56 169
136 154
30 137
230 231
30 155
137 138
44 490
137 156
229 246
138 10
138 157
10 139
229 230
10 158
139 140
139 159
228 245
140 141
140 160
101 474
141 142
228 229
141 161
142 143
142 90
227 114
143 100
143 15
100 144
227 228
100 162
144 121
101 491
145 146
226 244
145 163
146 147
146 164
225 85
147 103
147 165
103 113
225 226
103 166
113 23
474 475
113 167
97 243
23 148
23 168
148 149
97 225
148 56
149 150
149 169
224 242
150 151
150 170
474 37
151 41
224 97
151 171
472 473
235 236
234 251
234 235
472 488
112 250
112 234
125 126
125 145
9 49
126 127
126 146
473 44
127 128
9 112
127 147
128 129
128 103
233 72
129 130
129 113
130 131
233 9
130 23
131 76
473 489
131 148
232 249
76 132
76 149
132 133
232 233
132 150
133 39
133 151
231 248
39 134
39 41
44 101
134 135
231 232
134 152
135 136
135 153
230 247
136 30
239 1
118 256
471 61
118 239
19 40
19 118
471 70
238 255
238 19
67 254
61 472
67 238
237 83
237 67
61 60
236 253
236 237
235 252
114 245
244 264
469 2
85 263
85 244
243 262
120 470
243 85
242 261
242 243
120 486
241 260
241 242
240 259
470 471
240 241
1 258
1 240
470 487
239 257
49 250
467 483
72 270
72 49
249 95
468 99
249 72
248 269
248 249
468 484
247 268
247 248
246 267
99 485
246 247
245 266
245 246
469 120
114 265
255 40
254 276
254 255
465 482
83 275
83 254
253 274
466 467
253 83
252 273
252 253
466 64
251 272
251 252
250 46
467 468
250 251
49 271
261 262
260 282
463 464
260 261
259 281
259 260
463 480
258 17
258 259
257 280
464 465
257 258
256 279
256 257
464 481
40 278
40 256
255 277
465 466
275 276
457 477
275 297
276 277
276 298
457 458
274 296
272 273
458 33
272 294
273 274
273 295
458 459
274 275
270 291
271 46
271 292
459 460
46 272
46 293
269 95
269 108
460 461
95 270
95 290
270 271
459 478
461 462
267 268
267 288
268 269
460 92
268 289
264 285
265 266
461 55
265 286
266 267
266 287
261 87
462 479
262 263
262 283
263 264
462 463
263 284
62
1 63
2 64
3 65
4 66
5 67
6 68
7 69
8 70
9 71
10 72
11 73
12 74
13 75
14 76
15 77
16 78
17 79
18 80
19 81
20 82
21 83
22 84
23 85
24 86
25 87
26 88
27 89
28 90
29 91
30 92
31 93
32 94
33 95
34 96
35 97
36 98
37 99
38 100
39 101
40 102
41 103
42 104
43 105
44 106
45 107
46 108
47 109
48 110
49 111
50 112
51 113
52 114
53 115
54 116
55 117
56 118
57 119
58 120
59 121
60 122
61 123
62 124