625 1200
603 624
604 625
605 606
606 607
607 608
608 609
609 610
610 611
611 612
612 40
40 32
32 613
613 614
614 615
615 616
616 617
617 618
618 102
102 13
13 619
624 625
619 620
620 621
621 622
623 624
622 623
587 607
588 589
588 608
589 590
589 609
590 591
590 610
591 592
591 611
592 26
592 612
26 593
26 40
593 594
593 32
594 595
594 613
595 596
595 614
596 117
596 615
117 597
117 616
597 598
597 617
598 599
598 618
599 600
599 102
600 601
600 13
601 4
601 619
4 8
4 620
8 602
8 621
602 69
602 622
69 603
69 623
603 604
566 590
567 568
567 591
568 569
568 592
569 570
569 26
570 571
570 593
571 572
571 594
572 573
572 595
573 574
573 596
574 575
574 117
575 576
575 597
576 577
576 598
577 578
577 599
578 579
578 600
579 580
579 601
580 581
580 4
581 582
581 8
582 583
582 602
583 584
583 69
584 585
584 603
585 604
6 586
6 605
586 587
586 606
587 588
549 42
549 570
42 550
42 571
550 551
550 572
551 552
551 573
552 553
552 574
553 554
553 575
554 555
554 576
555 556
555 577
556 557
556 578
557 558
557 579
558 559
558 580
559 560
559 581
560 561
560 582
561 98
561 583
98 562
98 584
562 585
65 76
65 6
76 563
76 586
563 564
563 587
564 565
564 588
565 566
565 589
566 567
115 551
532 533
532 552
533 534
533 553
534 535
534 554
535 536
535 555
536 537
536 556
537 71
537 557
71 538
71 558
538 67
538 559
67 539
67 560
539 540
539 561
540 541
540 98
541 562
542 81
542 65
81 3
81 76
3 543
3 563
543 544
543 564
544 545
544 565
545 546
545 566
546 547
546 567
547 548
547 568
548 549
548 569
106 534
513 514
513 535
514 515
514 536
515 516
515 537
516 517
516 71
517 518
517 538
518 519
518 67
519 520
519 539
520 521
520 540
521 541
522 523
522 542
523 524
523 81
524 121
524 3
121 525
121 543
525 526
525 544
526 527
526 545
527 56
527 546
56 528
56 547
528 529
528 548
529 530
529 549
530 531
530 42
531 115
531 550
115 532
496 497
496 516
497 498
497 517
498 92
498 518
92 499
92 519
499 500
499 520
500 521
501 502
501 522
502 47
502 523
47 36
47 524
36 503
36 121
503 504
503 525
504 505
504 526
505 506
505 527
506 507
506 56
507 110
507 528
110 508
110 529
508 509
508 530
509 510
509 531
510 511
510 115
511 512
511 532
512 106
512 533
106 513
480 92
481 482
481 499
482 500
44 483
44 501
483 484
483 502
484 87
484 47
87 485
87 36
485 31
485 503
31 486
31 504
486 487
486 505
487 104
487 506
104 488
104 507
488 489
488 110
489 12
489 508
12 490
12 509
490 491
490 510
491 492
491 511
492 33
492 512
33 493
33 106
493 494
493 513
494 495
494 514
495 496
495 515
400 401
414 435
400 417
401 114
401 418
414 415
114 402
114 419
402 403
413 434
402 420
403 91
403 421
413 414
91 1
91 422
1 404
412 433
1 423
404 405
404 95
412 413
405 108
405 424
108 425
19 432
74 66
74 426
66 406
19 412
66 427
406 407
406 2
411 431
407 408
407 428
408 409
411 19
408 429
409 410
409 430
410 38
410 411
477 105
477 494
105 60
105 495
60 478
60 496
478 479
478 497
479 480
479 498
480 481
383 402
420 78
77 9
77 403
9 384
420 421
9 91
384 385
384 1
419 440
385 5
385 404
5 386
419 420
5 405
386 108
387 388
418 439
387 74
388 97
388 66
418 419
97 7
97 406
7 389
417 438
7 407
389 390
389 408
417 418
390 391
390 409
391 392
416 85
391 410
392 393
392 411
416 417
393 394
393 19
394 395
18 437
394 412
395 396
395 413
18 416
396 397
396 414
397 398
415 436
397 415
398 399
398 18
415 18
399 400
399 416
99 49
427 2
99 385
49 368
49 5
426 444
368 386
37 369
37 387
426 427
369 370
369 388
370 371
425 443
370 97
371 372
371 7
424 442
372 373
372 389
373 374
424 425
373 390
374 375
374 391
95 82
375 25
375 392
25 376
95 424
25 393
376 377
376 394
423 441
377 63
377 395
63 378
423 95
63 396
378 379
378 397
422 88
379 380
379 398
380 20
422 423
380 399
20 381
20 400
421 16
381 382
381 401
382 383
421 422
382 114
383 77
348 37
349 350
432 433
349 369
350 351
350 370
431 450
351 352
351 371
352 353
431 432
352 372
353 354
353 373
38 449
354 355
354 374
355 356
38 431
355 375
356 357
356 25
430 448
357 358
357 376
358 359
430 38
358 377
359 360
359 63
429 447
360 361
360 378
361 362
429 430
361 379
362 363
362 380
428 86
363 364
363 20
364 365
428 429
364 381
365 366
365 382
2 446
366 30
366 383
30 367
2 428
30 77
367 107
367 9
427 445
107 99
107 384
331 332
331 352
438 439
332 333
332 353
333 334
85 454
333 354
334 335
334 355
85 438
335 48
335 356
48 336
437 112
48 357
336 337
336 358
437 85
337 338
337 359
338 339
436 120
338 360
339 340
339 361
436 437
340 341
340 362
341 342
435 453
341 363
342 343
342 364
435 436
343 344
343 365
344 39
434 452
344 366
39 345
39 30
434 435
345 46
345 367
46 346
433 451
46 107
346 347
346 99
433 434
347 23
347 49
23 368
432 59
348 349
313 334
314 315
82 442
314 335
315 70
315 48
441 459
70 316
70 336
316 317
441 82
316 337
317 318
317 338
88 458
318 75
318 339
75 319
88 441
75 340
319 320
319 341
16 457
320 321
320 342
321 322
16 88
321 343
322 100
322 344
78 456
100 323
100 39
323 324
78 16
323 345
324 325
324 46
440 93
325 326
325 346
326 327
440 78
326 347
327 23
328 329
439 35
328 348
329 27
329 349
439 440
27 330
27 350
330 331
438 455
330 351
15 70
298 299
298 316
447 466
299 52
299 317
52 53
447 448
52 318
53 83
53 75
86 465
83 300
83 319
300 301
86 447
300 320
301 302
301 321
446 464
302 303
302 322
303 304
446 86
303 100
304 305
304 323
445 463
305 306
305 324
306 307
445 446
306 325
307 308
307 326
444 462
308 327
309 310
309 328
444 445
310 311
310 329
311 17
443 123
311 27
17 312
17 330
442 461
312 118
312 331
118 21
442 443
118 332
21 313
21 333
82 460
313 314
280 281
280 53
281 282
453 472
281 83
282 283
282 300
453 120
283 284
283 301
284 285
452 79
284 302
285 286
285 303
452 453
286 287
286 304
287 288
451 471
287 305
288 289
288 306
451 452
289 73
289 307
73 308
59 470
290 291
290 309
291 94
59 451
291 310
94 292
94 311
450 469
292 293
292 17
293 103
450 59
293 312
103 294
103 118
449 468
294 295
294 21
295 296
449 450
295 313
296 297
296 314
448 467
297 15
297 315
15 298
448 449
185 204
119 230
186 187
186 205
474 492
187 188
119 207
187 206
188 189
188 119
206 229
189 190
189 207
190 191
206 119
190 208
191 109
475 476
191 209
205 228
109 192
109 210
192 96
205 206
192 211
96 193
96 212
204 227
193 194
193 213
475 33
194 195
204 205
194 51
195 196
195 214
203 226
196 64
196 215
64 197
203 204
64 216
197 41
476 477
197 217
202 225
41 55
41 218
55 198
202 203
55 219
198 199
198 220
201 224
199 22
199 221
476 493
22 200
201 202
22 222
200 223
170 188
43 473
171 80
213 237
171 189
80 172
80 190
213 51
172 173
172 191
173 174
212 236
173 109
174 175
43 490
174 192
212 213
175 68
175 96
68 50
211 235
68 193
50 57
50 194
211 212
57 10
57 195
473 474
10 176
210 234
10 196
176 177
176 64
210 211
177 178
177 197
178 179
209 233
178 41
179 89
473 491
179 55
209 210
89 180
89 198
180 181
208 232
180 199
181 14
181 22
208 209
14 200
182 183
474 475
182 201
207 231
183 184
183 202
184 185
207 208
184 203
185 186
153 154
153 173
219 243
154 155
154 174
155 156
219 220
155 175
156 157
79 472
156 68
218 242
157 158
157 50
158 159
218 219
158 57
159 160
159 10
217 241
160 161
160 176
79 489
161 162
217 218
161 177
162 34
162 178
216 240
34 116
34 179
116 163
216 217
116 89
163 111
472 43
163 180
215 239
111 164
111 181
164 14
215 216
165 166
165 182
166 122
214 24
166 183
122 167
472 12
122 184
214 215
167 168
167 185
168 169
51 238
168 186
169 170
169 187
51 214
170 171
136 156
137 138
227 228
137 157
138 139
469 487
138 158
226 249
139 29
139 159
29 140
226 227
29 160
140 90
140 161
225 248
90 141
90 162
470 471
141 61
225 226
141 34
61 142
61 116
224 247
142 143
142 163
143 144
224 225
143 111
144 164
470 104
62 145
223 101
62 165
145 146
145 166
222 246
146 72
146 122
72 147
222 223
72 167
147 148
471 79
147 168
221 245
148 149
148 169
149 150
221 222
149 170
150 151
150 171
220 244
151 152
151 80
471 488
152 153
220 221
152 172
467 468
234 235
233 28
233 234
467 31
232 255
232 233
125 126
125 62
231 254
126 127
126 145
468 469
127 128
231 232
127 146
128 129
128 72
230 253
129 45
129 147
45 124
230 231
45 148
124 130
468 486
124 149
229 252
130 131
130 150
131 132
229 230
131 151
132 133
132 152
228 251
133 134
133 153
469 470
134 135
228 229
134 154
135 136
135 155
227 250
136 137
240 241
239 261
465 466
239 240
24 54
24 239
465 87
238 260
238 24
237 259
466 467
237 238
236 258
236 237
466 485
235 257
235 236
234 256
247 248
101 268
462 44
246 267
246 101
245 266
463 464
245 246
244 265
244 245
463 483
243 264
243 244
242 84
464 465
242 243
241 263
241 242
464 484
240 262
254 255
460 480
253 274
253 254
252 11
461 123
252 253
251 273
251 252
461 481
250 272
250 251
249 271
123 482
249 250
248 270
248 249
462 463
247 269
260 54
259 58
259 260
458 478
258 279
258 259
257 113
459 460
257 258
256 278
256 257
459 479
28 277
28 256
255 276
460 461
255 28
254 275
265 266
264 286
456 457
264 265
84 285
84 264
456 105
263 284
263 84
262 283
457 458
262 263
261 282
261 262
457 60
54 281
54 261
260 280
458 459
279 58
120 43
279 299
58 280
58 52
120 112
113 298
277 278
112 473
277 297
278 113
278 15
112 454
113 279
274 294
275 276
275 295
454 455
276 277
276 296
273 11
273 293
455 35
11 274
11 103
274 275
454 474
35 93
271 272
271 94
272 273
455 475
272 292
268 73
269 270
35 476
269 290
270 271
270 291
265 287
93 477
266 267
266 288
267 268
93 456
267 289
62
1 63
2 64
3 65
4 66
5 67
6 68
7 69
8 70
9 71
10 72
11 73
12 74
13 75
14 76
15 77
16 78
17 79
18 80
19 81
20 82
21 83
22 84
23 85
24 86
25 87
26 88
27 89
28 90
29 91
30 92
31 93
32 94
33 95
34 96
35 97
36 98
37 99
38 100
39 101
40 102
41 103
42 104
43 105
44 106
45 107
46 108
47 109
48 110
49 111
50 112
51 113
52 114
53 115
54 116
55 117
56 118
57 119
58 120
59 121
60 122
61 123
62 124