625 1200
604 624
73 625
605 55
55 606
606 607
607 608
608 609
609 610
610 611
611 612
612 613
613 614
614 615
615 616
616 3
3 617
617 42
42 618
618 619
619 60
624 625
60 620
620 621
621 622
623 624
622 623
590 606
591 592
591 607
592 111
592 608
111 593
111 609
593 594
593 610
594 93
594 611
93 595
93 612
595 596
595 613
596 11
596 614
11 10
11 615
10 597
10 616
597 598
597 3
598 8
598 617
8 124
8 42
124 6
124 618
6 599
6 619
599 600
599 60
600 601
600 620
601 602
601 621
602 603
602 622
603 604
603 623
604 73
572 111
573 574
573 593
574 575
574 594
575 576
575 93
576 577
576 595
577 63
577 596
63 578
63 11
578 579
578 10
579 580
579 597
580 581
580 598
581 582
581 8
582 583
582 124
583 584
583 6
584 57
584 599
57 585
57 600
585 586
585 601
586 106
586 602
106 587
106 603
587 588
587 604
588 73
65 589
65 605
589 590
589 55
590 591
553 554
553 576
554 555
554 577
555 556
555 63
556 20
556 578
20 557
20 579
557 558
557 580
558 559
558 581
559 560
559 582
560 561
560 583
561 562
561 584
562 563
562 57
563 564
563 585
564 565
564 586
565 566
565 106
566 567
566 587
567 588
43 568
43 65
568 569
568 589
569 570
569 590
570 571
570 591
571 572
571 592
572 573
533 556
534 535
534 20
535 536
535 557
536 108
536 558
108 537
108 559
537 538
537 560
538 62
538 561
62 539
62 562
539 540
539 563
540 541
540 564
541 542
541 565
542 543
542 566
543 567
544 545
544 43
545 546
545 568
546 547
546 569
547 548
547 570
548 549
548 571
549 550
549 572
550 551
550 573
551 552
551 574
552 553
552 575
514 536
515 61
515 108
61 516
61 537
516 54
516 538
54 517
54 62
517 518
517 539
518 519
518 540
519 520
519 541
520 521
520 542
521 543
522 523
522 544
523 524
523 545
524 525
524 546
525 526
525 547
526 527
526 548
527 528
527 549
528 529
528 550
529 530
529 551
530 84
530 552
84 531
84 553
531 532
531 554
532 533
532 555
533 534
495 496
495 54
496 67
496 517
67 497
67 518
497 498
497 519
498 499
498 520
499 521
500 501
500 522
501 502
501 523
502 503
502 524
503 504
503 525
504 505
504 526
505 506
505 527
506 507
506 528
507 508
507 529
508 109
508 530
109 509
109 84
509 510
509 531
510 511
510 532
511 512
511 533
512 513
512 534
513 514
513 535
514 515
477 497
478 479
478 498
479 499
480 481
480 500
481 110
481 501
110 482
110 502
482 483
482 503
483 116
483 504
116 32
116 505
32 484
32 506
484 485
484 507
485 486
485 508
486 487
486 109
487 488
487 509
488 489
488 510
489 490
489 511
490 491
490 512
491 64
491 513
64 492
64 514
492 493
492 515
493 494
493 61
494 495
494 516
393 394
410 432
393 414
394 395
394 415
410 411
395 396
395 416
396 121
409 431
396 417
121 397
121 418
409 410
397 398
397 34
398 399
14 41
398 419
399 96
399 420
14 409
96 400
96 421
400 422
408 430
401 402
401 423
402 403
408 14
402 424
403 404
403 425
29 429
404 405
404 98
405 406
29 408
405 426
406 407
406 427
407 428
407 29
472 473
472 493
473 474
473 494
474 475
474 495
475 476
475 496
476 477
476 67
477 478
374 396
417 438
375 376
375 121
376 377
417 418
376 397
377 12
377 398
416 437
12 378
12 399
378 379
416 417
378 96
379 400
380 381
415 436
380 401
381 83
381 402
415 416
83 382
83 403
382 383
414 435
382 404
383 384
383 405
414 415
384 385
384 406
385 386
413 38
385 407
386 387
386 29
413 414
387 388
387 408
388 389
412 434
388 14
389 390
389 409
412 413
390 391
390 410
391 104
411 433
391 411
104 392
104 412
411 412
392 393
392 413
4 357
424 425
4 12
357 358
357 378
423 443
358 379
359 360
359 380
423 424
360 30
360 381
30 361
422 442
30 83
361 115
361 382
421 441
115 362
115 383
362 363
421 422
362 384
363 364
363 385
420 22
364 18
364 386
18 365
420 421
18 387
365 366
365 388
419 39
366 367
366 389
367 368
419 420
367 390
368 369
368 391
34 440
369 370
369 104
370 371
34 419
370 392
371 372
371 393
418 439
372 373
372 394
373 374
418 34
373 395
374 375
338 359
339 340
430 41
339 360
340 50
340 30
429 77
50 341
50 361
341 342
429 430
341 115
342 343
342 362
428 449
343 344
343 363
344 345
428 429
344 364
345 346
345 18
427 448
346 347
346 365
347 348
427 428
347 366
348 349
348 367
426 447
349 350
349 368
350 351
426 427
350 369
351 352
351 370
98 446
352 353
352 371
353 354
98 426
353 372
354 103
354 373
425 445
103 355
103 374
355 356
425 98
355 375
356 82
356 376
424 444
82 4
82 377
319 320
319 341
435 436
320 321
320 342
321 322
38 454
321 343
322 323
322 344
38 435
323 324
323 345
324 59
434 68
324 346
59 325
59 347
434 38
325 326
325 348
326 33
433 453
326 349
33 327
33 350
433 434
327 328
327 351
328 329
432 452
328 352
329 330
329 353
432 433
330 331
330 354
331 332
431 52
331 103
332 333
332 355
431 432
333 334
333 356
334 335
41 451
334 82
335 336
335 4
41 431
336 337
336 357
337 358
430 450
338 339
302 322
303 304
22 441
303 323
304 305
304 324
39 459
305 306
305 59
306 72
39 22
306 325
72 307
72 326
440 458
307 308
307 33
308 309
440 39
308 327
309 310
309 328
439 58
310 311
310 329
311 312
439 440
311 330
312 313
312 331
438 457
313 92
313 332
92 314
438 439
92 333
314 315
314 334
437 456
315 76
315 335
76 316
437 438
76 336
316 337
317 2
436 455
317 338
2 318
2 339
436 437
318 87
318 340
87 319
435 81
87 50
66 305
287 288
287 306
447 465
288 80
288 72
80 289
447 448
80 307
289 90
289 308
446 464
90 290
90 309
290 291
446 447
290 310
291 292
291 311
445 463
292 19
292 312
19 46
445 446
19 313
46 293
46 92
444 120
293 53
293 314
53 294
444 445
53 315
294 69
294 76
443 462
69 316
295 296
295 317
443 444
296 297
296 2
297 298
442 16
297 318
298 299
298 87
441 461
299 300
299 319
300 301
441 442
300 320
301 302
301 321
22 460
302 303
274 91
274 289
91 275
452 469
91 90
275 276
275 290
452 453
276 277
276 291
277 278
52 468
277 292
278 102
278 19
52 452
102 100
102 46
100 279
451 97
100 293
279 15
279 53
451 52
15 280
15 294
280 69
450 88
281 282
281 295
282 283
450 451
282 296
283 25
283 297
77 37
25 284
25 298
284 78
77 450
284 299
78 285
78 300
449 467
285 286
285 301
286 48
449 77
286 302
48 13
48 303
448 466
13 66
13 304
66 287
448 449
186 205
208 226
187 75
187 206
113 491
75 27
208 209
75 207
27 101
27 208
207 225
101 188
101 209
188 189
207 208
188 118
189 190
471 74
189 107
206 224
190 191
190 28
191 192
206 207
191 210
192 193
192 211
205 85
193 194
193 212
471 64
194 40
205 206
194 213
40 195
40 214
204 47
195 196
195 215
196 197
204 205
196 17
197 198
74 472
197 7
203 223
198 56
198 216
56 24
203 204
56 217
24 199
24 218
202 222
199 200
199 219
74 492
200 201
202 203
200 220
201 221
166 27
470 31
167 168
212 232
167 101
168 169
168 188
212 213
169 170
169 189
170 9
211 114
170 190
9 171
470 489
9 191
211 212
171 172
171 192
172 173
210 231
172 193
173 174
173 194
210 211
174 175
174 40
31 113
175 70
28 230
175 195
70 176
70 196
28 210
176 177
176 197
177 178
107 229
177 198
178 179
31 490
178 56
107 28
179 180
179 24
180 181
118 228
180 199
181 182
181 200
118 107
182 201
183 184
113 471
183 202
209 227
184 185
184 203
185 186
209 118
185 204
186 187
150 151
150 170
217 237
151 152
151 9
152 86
217 218
152 171
86 153
468 469
86 172
216 236
153 154
153 173
154 155
216 217
154 174
155 156
155 175
7 235
156 157
156 70
468 487
157 158
7 216
157 176
158 159
158 177
17 234
159 160
159 178
160 99
17 7
160 179
99 1
469 470
99 180
215 233
1 71
1 181
71 182
215 17
161 162
161 183
162 5
214 105
162 184
5 163
469 488
5 185
214 215
163 164
163 186
164 165
213 36
164 187
165 166
165 75
213 214
166 167
135 86
136 137
85 224
136 153
137 138
37 484
137 154
47 244
138 44
138 155
44 51
47 85
44 156
51 139
51 157
223 243
139 140
139 158
88 97
140 141
223 47
140 159
141 112
141 160
222 242
112 142
112 99
142 35
222 223
142 1
35 71
88 485
122 23
221 241
122 161
23 143
23 162
220 240
143 144
143 5
144 145
220 221
144 163
145 146
97 468
145 164
219 239
146 123
146 165
123 147
219 220
123 166
147 148
147 167
218 238
148 149
148 168
97 486
149 150
218 219
149 169
466 467
230 231
229 250
229 230
466 116
228 249
228 229
125 126
125 122
227 248
126 26
126 23
467 37
26 95
227 228
26 143
95 127
95 144
226 45
127 128
127 145
128 129
226 227
128 146
129 130
467 32
129 123
225 247
130 119
130 147
119 131
225 226
119 148
131 132
131 149
224 246
132 133
132 150
37 88
133 134
224 225
133 151
134 135
134 152
85 245
135 136
234 235
233 257
464 465
233 234
105 256
105 233
464 482
36 255
36 105
232 254
465 466
232 36
114 253
114 232
465 483
231 252
231 114
230 251
242 243
241 21
462 480
240 263
240 241
239 94
120 463
239 240
238 262
238 239
120 481
237 261
237 238
236 260
463 464
236 237
235 259
235 236
463 110
234 258
248 249
460 477
45 89
45 248
247 49
461 16
247 45
246 268
246 247
461 478
245 267
245 246
244 266
16 479
244 245
243 265
243 244
462 120
242 264
255 256
254 273
254 255
458 475
253 272
253 254
252 117
459 460
252 253
251 79
251 252
459 476
250 271
250 251
249 270
460 461
249 250
248 269
262 94
261 102
457 58
261 262
260 278
260 261
457 473
259 277
259 260
258 276
58 458
258 259
257 275
257 258
58 474
256 91
256 257
255 274
458 459
272 273
453 470
272 288
273 274
273 80
453 68
117 287
271 79
68 31
271 13
79 117
79 66
68 454
117 272
89 285
269 270
269 286
454 81
270 271
270 48
268 49
268 284
81 455
49 89
49 78
89 269
454 113
455 456
266 267
266 283
267 268
81 471
267 25
21 280
264 265
455 74
264 281
265 266
265 282
262 100
456 472
94 263
94 279
263 21
456 457
263 15
62
1 63
2 64
3 65
4 66
5 67
6 68
7 69
8 70
9 71
10 72
11 73
12 74
13 75
14 76
15 77
16 78
17 79
18 80
19 81
20 82
21 83
22 84
23 85
24 86
25 87
26 88
27 89
28 90
29 91
30 92
31 93
32 94
33 95
34 96
35 97
36 98
37 99
38 100
39 101
40 102
41 103
42 104
43 105
44 106
45 107
46 108
47 109
48 110
49 111
50 112
51 113
52 114
53 115
54 116
55 117
56 118
57 119
58 120
59 121
60 122
61 123
62 124