225 420
220 221
221 222
222 223
223 224
224 225
193 208
194 195
194 209
195 210
196 197
196 211
197 198
197 212
198 199
198 213
199 200
199 214
200 201
200 215
201 202
201 216
202 203
202 217
203 204
203 218
204 205
204 219
205 206
205 220
206 207
206 221
207 208
207 222
208 209
208 223
209 210
209 224
210 225
211 212
212 213
213 214
214 215
215 216
216 217
217 218
218 219
219 220
171 186
172 173
172 187
173 174
173 188
174 175
174 189
175 176
175 190
176 177
176 191
177 178
177 192
178 179
178 193
179 180
179 194
180 195
181 182
181 196
182 183
182 197
183 184
183 198
184 185
184 199
185 186
185 200
186 187
186 201
187 188
187 202
188 189
188 203
189 190
189 204
190 191
190 205
191 192
191 206
192 193
192 207
193 194
149 164
150 165
151 152
151 166
152 153
152 167
153 154
153 168
154 155
154 169
155 156
155 170
156 157
156 171
157 158
157 172
158 159
158 173
159 160
159 174
160 161
160 175
161 162
161 176
162 163
162 177
163 164
163 178
164 165
164 179
165 180
166 167
166 181
167 168
167 182
168 169
168 183
169 170
169 184
170 171
170 185
171 172
64 79
65 66
78 79
65 80
66 67
66 81
77 92
67 68
67 82
68 69
77 78
68 83
69 70
69 84
76 91
70 71
70 85
71 72
76 77
71 86
72 73
72 87
75 90
73 74
73 88
74 75
74 89
138 153
139 140
139 154
140 141
140 155
141 142
141 156
142 143
142 157
143 144
143 158
144 145
144 159
145 146
145 160
146 147
146 161
147 148
147 162
148 149
148 163
149 150
42 57
43 44
85 86
43 58
44 45
44 59
84 99
45 60
46 47
46 61
84 85
47 48
47 62
48 49
83 98
48 63
49 50
49 64
83 84
50 51
50 65
51 52
82 97
51 66
52 53
52 67
82 83
53 54
53 68
54 55
81 96
54 69
55 56
55 70
81 82
56 57
56 71
57 58
80 95
57 72
58 59
58 73
80 81
59 60
59 74
60 75
79 94
61 62
61 76
62 63
79 80
62 77
63 64
63 78
78 93
64 65
20 35
21 22
21 36
92 107
22 23
22 37
23 24
92 93
23 38
24 25
24 39
91 106
25 26
25 40
26 27
91 92
26 41
27 28
27 42
90 105
28 29
28 43
29 30
89 104
29 44
30 45
31 32
89 90
31 46
32 33
32 47
88 103
33 34
33 48
34 35
88 89
34 49
35 36
35 50
87 102
36 37
36 51
37 38
87 88
37 52
38 39
38 53
86 101
39 40
39 54
40 41
86 87
40 55
41 42
41 56
85 100
42 43
99 114
1 2
1 16
99 100
2 3
2 17
3 4
98 113
3 18
4 5
4 19
98 99
5 6
5 20
6 7
97 112
6 21
7 8
7 22
97 98
8 9
8 23
9 10
96 111
9 24
10 11
10 25
96 97
11 12
11 26
12 13
95 110
12 27
13 14
13 28
95 96
14 15
14 29
15 30
94 109
16 17
16 31
17 18
94 95
17 32
18 19
18 33
93 108
19 20
19 34
20 21
93 94
107 122
107 108
106 121
106 107
105 120
104 119
104 105
103 118
103 104
102 117
102 103
101 116
101 102
100 115
100 101
114 129
114 115
113 128
113 114
112 127
112 113
111 126
111 112
110 125
110 111
109 124
109 110
108 123
108 109
122 123
121 136
121 122
120 135
119 134
119 120
118 133
118 119
117 132
117 118
116 131
116 117
115 130
115 116
129 130
128 143
128 129
127 142
127 128
126 141
126 127
125 140
125 126
124 139
124 125
123 138
123 124
122 137
136 151
136 137
135 150
134 149
134 135
133 148
133 134
132 147
132 133
131 146
131 132
130 145
130 131
129 144
138 139
137 152
137 138
90
139 144
133 36
27 118
149 224
193 62
189 210
17 214
179 142
112 201
130 187
64 155
16 33
170 223
50 122
7 192
171 100
191 47
99 5
181 151
65 43
177 156
77 117
103 208
92 141
165 15
203 186
110 79
58 48
51 162
45 152
119 69
211 125
95 91
158 76
145 150
219 98
175 20
146 26
190 78
53 212
218 183
222 188
55 167
108 72
96 3
81 137
46 94
29 217
12 10
1 6
136 73
42 200
153 84
209 124
21 202
185 34
215 173
216 35
121 82
106 104
225 38
28 23
60 127
31 154
11 120
129 22
67 178
116 113
13 54
93 71
97 220
102 164
195 19
159 123
132 196
166 40
90 204
206 74
111 207
25 8
30 87
18 135
39 57
37 52
114 14
174 89
213 140
131 182
83 70
160 63