225 420
225 130
130 9
9 65
65 28
28 44
93 121
168 19
168 155
19 154
217 33
217 221
33 218
33 40
218 219
218 35
219 16
219 222
16 45
16 32
45 31
45 11
31 129
31 223
129 220
129 17
220 20
220 224
20 132
20 225
132 173
132 130
173 121
173 9
121 155
121 65
155 154
155 28
154 44
221 40
40 35
35 222
222 32
32 11
11 223
223 17
17 224
224 225
211 24
81 87
81 86
87 178
87 213
178 174
178 214
174 27
174 215
27 14
27 216
14 90
14 141
90 88
90 93
88 41
88 168
41 19
73 4
73 217
4 212
4 33
212 153
212 218
153 115
153 219
115 24
115 16
24 86
24 45
86 213
86 31
213 214
213 129
214 215
214 220
215 216
215 20
216 141
216 132
141 93
141 173
93 168
10 167
207 63
3 59
3 209
59 156
59 150
156 149
156 1
149 208
149 210
208 133
208 172
133 91
133 211
91 158
91 81
158 177
158 87
177 69
177 178
69 39
69 174
39 70
39 27
70 96
70 14
96 167
96 90
167 63
167 88
63 41
209 150
209 73
150 1
150 4
1 210
1 212
210 172
210 153
172 211
172 115
211 81
189 71
123 190
111 71
123 192
190 61
190 193
175 105
61 171
61 106
171 191
175 111
171 104
191 102
191 140
131 84
102 98
102 194
98 92
131 175
98 109
92 119
92 134
179 113
119 21
119 114
21 179
21 12
34 156
43 76
43 149
76 205
76 208
205 206
205 133
206 139
206 91
139 74
139 158
74 136
74 177
136 66
136 69
66 124
66 39
124 56
124 70
56 10
56 96
10 207
82 127
13 186
194 109
13 25
186 42
186 120
140 48
42 117
187 29
187 62
140 194
29 36
29 188
36 116
104 195
36 170
116 125
116 189
104 140
125 163
125 123
163 75
106 52
163 190
75 77
75 61
106 104
77 142
77 171
142 55
193 162
142 191
55 78
55 102
193 106
78 127
78 98
127 25
192 152
127 92
25 120
25 119
192 193
120 117
120 21
117 179
71 47
62 188
62 131
188 170
71 192
188 175
170 189
170 111
111 103
189 123
183 64
8 94
8 60
105 101
94 37
94 22
37 176
105 103
37 148
176 6
176 160
84 2
6 184
6 138
184 30
84 105
184 169
30 126
30 82
113 72
126 57
126 13
57 54
12 58
57 186
54 42
137 50
12 113
137 187
50 185
50 29
114 80
185 145
185 36
145 64
114 12
145 116
64 60
64 125
134 51
60 22
60 163
22 148
134 114
22 75
148 160
148 77
109 49
160 138
160 142
138 169
109 134
138 55
169 82
169 78
194 89
82 13
48 198
99 5
99 108
48 89
5 100
5 83
100 79
195 164
100 46
79 15
79 23
195 48
15 18
15 183
18 166
52 135
18 8
166 181
166 94
52 195
181 85
181 37
85 53
162 197
85 176
53 68
53 6
162 52
68 161
68 184
161 182
152 196
161 30
182 146
182 126
152 162
146 144
146 57
144 54
47 143
108 83
108 137
83 46
47 152
83 50
46 23
46 185
103 180
23 183
23 145
183 8
103 47
101 202
101 180
2 112
2 101
72 128
58 7
58 72
80 201
80 58
51 200
51 80
49 97
49 51
89 199
89 49
198 67
198 199
164 151
164 198
135 122
135 164
197 203
197 135
196 147
196 197
143 110
143 196
180 26
180 143
202 26
112 95
112 202
128 204
7 165
7 128
201 159
201 7
200 118
200 201
97 38
97 200
199 107
199 97
67 107
151 139
151 67
122 206
122 151
203 205
203 122
147 76
147 203
110 43
110 147
26 34
26 110
202 157
95 3
95 157
204 207
165 10
165 204
159 56
159 165
118 124
118 159
38 66
38 118
107 136
107 38
67 74
34 43
157 59
157 34
90
1 91
2 92
3 93
4 94
5 95
6 96
7 97
8 98
9 99
10 100
11 101
12 102
13 103
14 104
15 105
16 106
17 107
18 108
19 109
20 110
21 111
22 112
23 113
24 114
25 115
26 116
27 117
28 118
29 119
30 120
31 121
32 122
33 123
34 124
35 125
36 126
37 127
38 128
39 129
40 130
41 131
42 132
43 133
44 134
45 135
46 136
47 137
48 138
49 139
50 140
51 141
52 142
53 143
54 144
55 145
56 146
57 147
58 148
59 149
60 150
61 151
62 152
63 153
64 154
65 155
66 156
67 157
68 158
69 159
70 160
71 161
72 162
73 163
74 164
75 165
76 166
77 167
78 168
79 169
80 170
81 171
82 172
83 173
84 174
85 175
86 176
87 177
88 178
89 179
90 180