225 420
161 225
225 42
42 103
103 94
94 61
5 113
220 73
220 54
73 96
165 221
165 32
221 222
221 130
222 223
222 87
223 142
223 97
142 99
142 57
99 145
99 58
145 26
145 138
26 167
26 41
167 224
167 36
224 78
224 161
78 169
78 225
169 113
169 42
113 54
113 103
54 96
54 94
96 61
32 130
130 87
87 97
97 57
57 58
58 138
138 41
41 36
36 161
16 116
216 147
216 100
147 86
147 132
86 37
86 6
37 217
37 39
217 21
217 17
21 157
21 105
157 8
157 5
8 218
8 220
218 73
19 178
19 165
178 131
178 221
131 219
131 222
219 56
219 223
56 116
56 142
116 100
116 99
100 132
100 145
132 6
132 26
6 39
6 167
39 17
39 224
17 105
17 78
105 5
105 169
5 220
4 162
125 25
109 120
109 76
120 53
120 133
53 154
53 214
154 101
154 215
101 111
101 13
111 211
111 16
211 34
211 216
34 74
34 147
74 90
74 86
90 212
90 37
212 119
212 217
119 213
119 21
213 162
213 157
162 25
162 8
25 218
76 133
76 19
133 214
133 178
214 215
214 131
215 13
215 219
13 16
13 56
16 216
11 117
20 192
129 117
20 195
192 67
192 46
22 24
67 193
67 149
193 121
22 129
193 89
121 179
121 143
124 123
179 160
179 196
160 134
124 22
160 197
134 141
134 171
194 77
141 168
141 198
168 194
168 176
207 53
1 177
1 154
177 114
177 101
114 98
114 111
98 208
98 211
208 91
208 34
91 35
91 74
35 38
35 90
38 209
38 212
209 210
209 119
210 4
210 213
4 125
52 173
110 187
196 197
110 28
187 30
187 190
143 18
30 63
47 107
47 191
143 196
107 118
107 95
118 188
89 126
118 180
188 14
188 11
89 143
14 29
14 20
29 174
149 71
29 192
174 40
174 67
149 89
40 159
40 193
159 43
46 45
159 121
43 189
43 179
46 149
189 173
189 160
173 28
195 33
173 134
28 190
28 141
195 46
190 63
190 168
63 194
117 137
191 95
191 124
95 180
117 195
95 22
180 11
180 129
129 70
11 20
127 148
55 156
55 92
24 201
156 152
156 84
152 184
24 70
152 151
184 80
184 83
123 60
80 128
80 166
128 3
123 24
128 186
3 62
3 52
77 200
62 48
62 110
48 81
176 150
48 187
81 30
64 185
176 77
64 47
185 102
185 107
198 23
102 146
102 118
146 148
198 176
146 188
148 92
148 14
171 72
92 84
92 29
84 151
171 198
84 174
151 83
151 40
197 199
83 166
83 159
166 186
197 171
166 43
186 52
186 189
196 106
52 110
18 85
50 181
50 12
18 106
181 135
181 7
135 182
126 158
135 82
182 108
182 163
126 18
108 140
108 127
140 15
71 9
140 55
15 170
15 156
71 126
170 183
170 152
183 139
45 79
183 184
139 65
139 80
45 71
65 49
65 128
49 69
33 27
49 3
69 175
69 62
33 45
175 115
175 48
115 81
137 202
12 7
12 64
7 82
137 33
7 185
82 163
82 102
70 44
163 127
163 146
127 55
70 137
201 104
201 44
60 59
60 201
200 155
150 31
150 200
23 93
23 150
72 112
72 23
199 68
199 72
106 203
106 199
85 66
85 203
158 205
158 85
9 153
9 158
79 204
79 9
27 122
27 79
202 144
202 27
44 164
44 202
104 164
59 51
59 104
155 172
31 206
31 155
93 2
93 31
112 75
112 93
68 88
68 112
203 10
203 68
66 10
205 208
205 66
153 98
153 205
204 114
204 153
122 177
122 204
144 1
144 122
164 207
164 144
104 136
51 109
51 136
172 125
206 4
206 172
2 210
2 206
75 209
75 2
88 38
88 75
10 35
10 88
66 91
207 1
136 120
136 207
90
1 91
2 92
3 93
4 94
5 95
6 96
7 97
8 98
9 99
10 100
11 101
12 102
13 103
14 104
15 105
16 106
17 107
18 108
19 109
20 110
21 111
22 112
23 113
24 114
25 115
26 116
27 117
28 118
29 119
30 120
31 121
32 122
33 123
34 124
35 125
36 126
37 127
38 128
39 129
40 130
41 131
42 132
43 133
44 134
45 135
46 136
47 137
48 138
49 139
50 140
51 141
52 142
53 143
54 144
55 145
56 146
57 147
58 148
59 149
60 150
61 151
62 152
63 153
64 154
65 155
66 156
67 157
68 158
69 159
70 160
71 161
72 162
73 163
74 164
75 165
76 166
77 167
78 168
79 169
80 170
81 171
82 172
83 173
84 174
85 175
86 176
87 177
88 178
89 179
90 180