225 420
69 224
224 85
85 225
225 36
36 70
157 8
221 105
221 222
105 160
32 46
32 99
46 80
46 39
80 34
80 75
34 37
34 4
37 25
37 129
25 47
25 223
47 52
47 173
52 137
52 17
137 135
137 153
135 151
135 69
151 130
151 224
130 8
130 85
8 222
8 225
222 160
222 36
160 70
99 39
39 75
75 4
4 129
129 223
223 173
173 17
17 153
153 69
64 219
167 3
167 220
3 154
3 35
154 180
154 174
180 74
180 79
74 54
74 116
54 152
54 132
152 5
152 157
5 100
5 221
100 105
81 51
81 32
51 15
51 46
15 218
15 80
218 139
218 34
139 219
139 37
219 220
219 25
220 35
220 47
35 174
35 52
174 79
174 137
79 116
79 135
116 132
116 151
132 157
132 130
157 221
78 217
122 42
49 6
49 20
6 214
6 53
214 215
214 168
215 118
215 16
118 161
118 169
161 107
161 64
107 123
107 167
123 127
123 3
127 216
127 154
216 179
216 180
179 115
179 74
115 66
115 54
66 217
66 152
217 42
217 5
42 100
20 53
20 81
53 168
53 51
168 16
168 15
16 169
16 218
169 64
169 139
64 167
109 166
103 96
48 166
103 170
96 19
96 162
93 149
19 23
19 128
23 121
93 48
23 194
121 38
121 142
172 71
38 98
38 195
98 193
172 93
98 196
193 9
193 88
10 44
9 43
9 197
43 10
43 198
210 214
165 211
165 215
211 45
211 118
45 22
45 161
22 148
22 107
148 27
148 123
27 212
27 127
212 29
212 216
29 134
29 179
134 213
134 115
213 78
213 66
78 122
163 190
18 187
195 196
18 73
187 188
187 191
142 199
188 145
112 50
112 125
142 195
50 68
50 192
68 133
194 119
68 124
133 143
133 109
194 142
143 14
143 103
14 94
128 108
14 96
94 189
94 19
128 194
189 138
189 23
138 176
162 131
138 121
176 91
176 38
162 128
91 190
91 98
190 73
170 144
190 193
73 191
73 9
170 162
191 145
191 43
145 10
166 26
125 192
125 172
192 124
166 170
192 93
124 109
124 48
48 101
109 103
156 114
185 76
185 56
149 201
76 110
76 146
110 40
149 101
110 159
40 28
40 33
71 57
28 186
28 1
186 177
71 149
186 82
177 61
177 163
44 164
61 55
61 18
55 90
198 140
55 187
90 188
63 155
198 44
63 112
155 83
155 50
197 175
83 12
83 68
12 114
197 198
12 133
114 56
114 143
88 147
56 146
56 14
146 159
88 197
146 94
159 33
159 189
196 178
33 1
33 138
1 82
196 88
1 176
82 163
82 91
195 200
163 18
199 104
60 181
60 89
199 200
181 11
181 184
11 67
119 87
11 171
67 30
67 97
119 199
30 182
30 156
182 41
108 150
182 185
41 106
41 76
108 119
106 65
106 110
65 59
131 126
65 40
59 136
59 28
131 108
136 102
136 186
102 95
144 203
102 177
95 111
95 61
144 131
111 183
111 55
183 90
26 202
89 184
89 63
184 171
26 144
184 155
171 97
171 83
101 58
97 156
97 12
156 185
101 26
201 13
201 58
57 21
57 201
164 77
140 62
140 164
175 206
175 140
147 205
147 175
178 31
178 147
200 204
200 178
104 72
104 204
87 117
87 104
150 207
150 87
126 158
126 150
203 120
203 126
202 113
202 203
58 141
58 202
13 141
21 7
21 13
77 209
62 86
62 77
206 92
206 62
205 2
205 206
31 208
31 205
204 24
204 31
72 24
117 148
117 72
207 22
207 117
158 45
158 207
120 211
120 158
113 165
113 120
141 210
141 113
13 84
7 49
7 84
209 122
86 78
86 209
92 213
92 86
2 134
2 92
208 29
208 2
24 212
24 208
72 27
210 165
84 6
84 210
90
1 91
2 92
3 93
4 94
5 95
6 96
7 97
8 98
9 99
10 100
11 101
12 102
13 103
14 104
15 105
16 106
17 107
18 108
19 109
20 110
21 111
22 112
23 113
24 114
25 115
26 116
27 117
28 118
29 119
30 120
31 121
32 122
33 123
34 124
35 125
36 126
37 127
38 128
39 129
40 130
41 131
42 132
43 133
44 134
45 135
46 136
47 137
48 138
49 139
50 140
51 141
52 142
53 143
54 144
55 145
56 146
57 147
58 148
59 149
60 150
61 151
62 152
63 153
64 154
65 155
66 156
67 157
68 158
69 159
70 160
71 161
72 162
73 163
74 164
75 165
76 166
77 167
78 168
79 169
80 170
81 171
82 172
83 173
84 174
85 175
86 176
87 177
88 178
89 179
90 180