225 420
41 145
145 13
13 79
79 169
169 98
180 112
131 224
131 127
224 19
107 122
107 166
122 78
122 150
78 124
78 225
124 91
124 172
91 108
91 158
108 69
108 3
69 6
69 51
6 9
6 114
9 66
9 82
66 71
66 41
71 28
71 145
28 112
28 13
112 127
112 79
127 19
127 169
19 98
166 150
150 225
225 172
172 158
158 3
3 51
51 114
114 82
82 41
7 57
60 1
60 77
1 55
1 222
55 8
55 223
8 62
8 21
62 121
62 170
121 72
121 92
72 143
72 180
143 52
143 131
52 224
4 37
4 107
37 26
37 122
26 221
26 78
221 133
221 124
133 57
133 91
57 77
57 108
77 222
77 69
222 223
222 6
223 21
223 9
21 170
21 66
170 92
170 71
92 180
92 28
180 131
216 219
116 46
94 176
94 130
176 75
176 74
75 217
75 42
217 39
217 220
39 218
39 147
218 23
218 7
23 142
23 60
142 27
142 1
27 83
27 55
83 135
83 8
135 12
135 62
12 120
12 121
120 219
120 72
219 46
219 143
46 52
130 74
130 4
74 42
74 37
42 220
42 26
220 147
220 221
147 7
147 133
7 60
89 198
136 113
15 198
136 199
113 139
113 64
33 88
139 100
139 123
100 99
33 15
100 111
99 162
99 70
84 115
162 24
162 67
24 159
84 33
24 16
159 177
159 32
179 148
177 197
177 200
197 179
197 201
212 75
175 153
175 217
153 30
153 39
30 31
30 218
31 5
31 23
5 141
5 142
141 213
141 27
213 214
213 83
214 161
214 135
161 215
161 12
215 216
215 120
216 116
156 196
93 118
67 16
93 56
118 81
118 61
70 203
81 87
194 152
194 38
70 67
152 76
152 137
76 140
111 151
76 173
140 126
140 89
111 70
126 86
126 136
86 195
123 14
86 113
195 165
195 139
123 111
165 128
165 100
128 104
64 117
128 99
104 49
104 162
64 123
49 196
49 24
196 56
199 202
196 159
56 61
56 177
199 64
61 87
61 197
87 179
198 101
38 137
38 84
137 173
198 199
137 33
173 89
173 15
15 11
89 136
25 48
187 22
187 192
88 68
22 20
22 35
20 134
88 11
20 174
134 163
134 110
115 97
163 90
163 193
90 188
115 88
90 34
188 65
188 156
148 154
65 95
65 93
95 189
201 47
95 118
189 81
138 36
201 148
138 194
36 190
36 152
200 204
190 191
190 76
191 48
200 201
191 140
48 192
48 126
32 40
192 35
192 86
35 174
32 200
35 195
174 110
174 165
16 167
110 193
110 128
193 34
16 32
193 104
34 156
34 49
67 144
156 93
203 205
59 43
59 185
203 144
43 164
43 132
164 105
151 109
164 119
105 181
105 186
151 203
181 182
181 25
182 168
14 106
182 187
168 44
168 22
14 151
44 18
44 20
18 50
117 73
18 134
50 183
50 163
117 14
183 54
183 90
54 45
202 155
54 188
45 184
45 65
202 117
184 85
184 95
85 189
101 178
185 132
185 138
132 119
101 202
132 36
119 186
119 190
11 157
186 25
186 191
25 187
11 101
68 206
68 157
97 125
97 68
154 17
47 2
47 154
204 149
204 47
40 171
40 204
167 103
167 40
144 146
144 167
205 29
205 146
109 129
109 205
106 80
106 109
73 208
73 106
155 102
155 73
178 10
178 155
157 207
157 178
206 207
125 53
125 206
17 210
2 58
2 17
149 96
149 2
171 63
171 149
103 209
103 171
146 160
146 103
29 160
129 5
129 29
80 31
80 129
208 30
208 80
102 153
102 208
10 175
10 102
207 212
207 10
206 211
53 94
53 211
210 116
58 216
58 210
96 215
96 58
63 161
63 96
209 214
209 63
160 213
160 209
29 141
212 175
211 176
211 212
90
1 91
2 92
3 93
4 94
5 95
6 96
7 97
8 98
9 99
10 100
11 101
12 102
13 103
14 104
15 105
16 106
17 107
18 108
19 109
20 110
21 111
22 112
23 113
24 114
25 115
26 116
27 117
28 118
29 119
30 120
31 121
32 122
33 123
34 124
35 125
36 126
37 127
38 128
39 129
40 130
41 131
42 132
43 133
44 134
45 135
46 136
47 137
48 138
49 139
50 140
51 141
52 142
53 143
54 144
55 145
56 146
57 147
58 148
59 149
60 150
61 151
62 152
63 153
64 154
65 155
66 156
67 157
68 158
69 159
70 160
71 161
72 162
73 163
74 164
75 165
76 166
77 167
78 168
79 169
80 170
81 171
82 172
83 173
84 174
85 175
86 176
87 177
88 178
89 179
90 180