225 420
69 224
224 225
225 58
58 3
3 158
96 137
84 51
84 223
51 103
31 218
31 167
218 81
218 79
81 121
81 94
121 113
121 6
113 219
113 174
219 26
219 82
26 163
26 64
163 220
163 176
220 221
220 105
221 222
221 69
222 108
222 224
108 137
108 225
137 223
137 58
223 103
223 3
103 158
167 79
79 94
94 6
6 174
174 82
82 64
64 176
176 105
105 69
164 151
95 56
95 117
56 140
56 63
140 152
140 112
152 179
152 53
179 43
179 33
43 213
43 10
213 214
213 96
214 215
214 84
215 51
216 39
216 31
39 21
39 218
21 143
21 81
143 217
143 121
217 151
217 113
151 117
151 219
117 63
117 26
63 112
63 163
112 53
112 220
53 33
53 221
33 10
33 222
10 96
10 108
96 84
50 99
70 136
60 90
60 28
90 48
90 106
48 19
48 38
19 129
19 109
129 93
129 134
93 211
93 164
211 35
211 95
35 141
35 56
141 13
141 140
13 133
13 152
133 9
133 179
9 212
9 43
212 99
212 213
99 136
99 214
136 215
28 106
28 216
106 38
106 39
38 109
38 21
109 134
109 143
134 164
134 217
164 95
11 72
178 126
197 72
178 198
126 171
126 177
5 156
171 111
171 155
111 110
5 197
111 199
110 115
110 200
196 77
115 194
115 100
194 119
196 5
194 42
119 195
119 201
74 85
195 2
195 202
2 74
2 55
41 48
148 76
148 19
76 12
76 129
12 15
12 93
15 210
15 211
210 149
210 35
149 166
149 141
166 62
166 13
62 131
62 133
131 61
131 9
61 50
61 212
50 70
123 193
89 37
100 42
89 87
37 191
37 54
200 80
191 170
98 8
98 101
200 100
8 86
8 146
86 34
199 132
86 118
34 162
34 11
199 200
162 14
162 178
14 165
155 1
14 126
165 192
165 171
155 199
192 128
192 111
128 23
177 68
128 110
23 44
23 115
177 155
44 193
44 194
193 87
198 40
193 119
87 54
87 195
198 177
54 170
54 2
170 74
72 92
101 146
101 196
146 118
72 198
146 5
118 11
118 197
197 139
11 178
125 91
184 173
184 142
156 16
173 175
173 29
175 46
156 139
175 189
46 185
46 17
77 78
185 186
185 107
186 135
77 156
186 190
135 30
135 123
85 4
30 187
30 89
187 75
55 67
187 37
75 191
71 157
55 85
71 98
157 188
157 8
202 144
188 127
188 86
127 91
202 55
127 34
91 142
91 162
201 57
142 29
142 14
29 189
201 202
29 165
189 17
189 192
42 104
17 107
17 128
107 190
42 201
107 23
190 123
190 44
100 83
123 89
80 161
181 182
181 36
80 83
182 183
182 147
183 66
132 20
183 49
66 102
66 52
132 80
102 159
102 125
159 114
1 59
159 184
114 32
114 173
1 132
32 22
32 175
22 153
68 138
22 46
153 172
153 185
68 1
172 116
172 186
116 130
40 204
116 135
130 73
130 30
40 68
73 145
73 187
145 75
92 124
36 147
36 71
147 49
92 40
147 157
49 52
49 188
139 203
52 125
52 127
125 184
139 92
16 168
16 203
78 160
78 16
4 120
67 206
67 4
144 205
144 67
57 97
57 144
104 154
104 57
83 150
83 104
161 18
161 150
20 24
20 161
59 208
59 20
138 207
138 59
204 47
204 138
124 45
124 204
203 169
203 124
168 169
160 27
160 168
120 209
206 25
206 120
205 65
205 206
97 7
97 205
154 88
154 97
150 122
150 154
18 122
24 210
24 18
208 15
208 24
207 12
207 208
47 76
47 207
45 148
45 47
169 41
169 45
168 180
27 60
27 180
209 70
25 50
25 209
65 61
65 25
7 131
7 65
88 62
88 7
122 166
122 88
18 149
41 148
180 90
180 41
90
1 91
2 92
3 93
4 94
5 95
6 96
7 97
8 98
9 99
10 100
11 101
12 102
13 103
14 104
15 105
16 106
17 107
18 108
19 109
20 110
21 111
22 112
23 113
24 114
25 115
26 116
27 117
28 118
29 119
30 120
31 121
32 122
33 123
34 124
35 125
36 126
37 127
38 128
39 129
40 130
41 131
42 132
43 133
44 134
45 135
46 136
47 137
48 138
49 139
50 140
51 141
52 142
53 143
54 144
55 145
56 146
57 147
58 148
59 149
60 150
61 151
62 152
63 153
64 154
65 155
66 156
67 157
68 158
69 159
70 160
71 161
72 162
73 163
74 164
75 165
76 166
77 167
78 168
79 169
80 170
81 171
82 172
83 173
84 174
85 175
86 176
87 177
88 178
89 179
90 180