225 420
76 32
32 7
7 9
9 156
156 82
220 172
154 18
154 222
18 24
136 111
136 139
111 17
111 223
17 71
17 224
71 34
71 81
34 109
34 1
109 85
109 35
85 95
85 101
95 83
95 225
83 27
83 97
27 78
27 76
78 221
78 32
221 172
221 7
172 222
172 9
222 24
222 156
24 82
139 223
223 224
224 81
81 1
1 35
35 101
101 225
225 97
97 76
214 40
64 93
64 4
93 215
93 164
215 125
215 219
125 55
125 61
55 75
55 38
75 176
75 123
176 145
176 220
145 31
145 154
31 18
90 216
90 136
216 217
216 111
217 218
217 17
218 3
218 71
3 40
3 34
40 4
40 109
4 164
4 85
164 219
164 95
219 61
219 83
61 38
61 27
38 123
38 78
123 220
123 221
220 154
88 138
133 62
102 210
102 212
210 65
210 137
65 15
65 92
15 177
15 135
177 211
177 213
211 115
211 214
115 19
115 64
19 143
19 93
143 129
143 215
129 28
129 125
28 20
28 55
20 159
20 75
159 138
159 176
138 62
138 145
62 31
212 137
212 90
137 92
137 216
92 135
92 217
135 213
135 218
213 214
213 3
214 64
16 25
10 44
56 25
10 197
44 26
44 58
131 178
26 63
26 13
63 132
131 56
63 119
132 100
132 112
73 21
100 195
100 198
195 155
73 131
195 52
155 79
155 67
196 104
79 116
79 80
116 196
116 36
175 65
165 163
165 15
163 47
163 177
47 42
47 211
42 180
42 115
180 96
180 19
96 120
96 143
120 209
120 129
209 22
209 28
22 69
22 20
69 88
69 159
88 133
169 193
189 106
198 52
189 194
106 148
106 174
112 199
148 66
190 157
190 98
112 198
157 118
157 173
118 146
119 60
118 114
146 117
146 16
119 112
117 113
117 10
113 124
13 87
113 44
124 191
124 26
13 119
191 103
191 63
103 170
58 12
103 132
170 192
170 100
58 13
192 193
192 195
193 194
197 45
193 155
194 174
194 79
197 58
174 66
174 116
66 196
25 122
98 173
98 73
173 114
25 197
173 131
114 16
114 56
56 141
16 10
187 2
77 152
77 153
178 107
152 57
152 151
57 51
178 141
57 59
51 50
51 126
21 86
50 48
50 161
48 41
21 178
48 91
41 168
41 169
104 53
168 89
168 189
89 105
36 179
89 106
105 148
110 14
36 104
110 190
14 188
14 157
80 201
188 11
188 118
11 2
80 36
11 146
2 153
2 117
67 128
153 151
153 113
151 59
67 80
151 124
59 126
59 191
52 200
126 161
126 103
161 91
52 67
161 170
91 169
91 192
198 5
169 189
199 203
68 147
68 37
199 5
147 181
147 162
181 182
60 127
181 108
182 29
182 33
60 199
29 149
29 187
149 183
87 202
149 77
183 74
183 152
87 60
74 167
74 57
167 184
12 6
167 51
184 54
184 50
12 87
54 185
54 48
185 70
45 140
185 41
70 186
70 168
45 12
186 160
186 89
160 105
122 121
37 162
37 110
162 108
122 45
162 14
108 33
108 188
141 99
33 187
33 11
187 77
141 122
107 142
107 99
86 134
86 107
53 94
179 72
179 53
201 166
201 179
128 8
128 201
200 205
200 128
5 204
5 200
203 150
203 204
127 144
127 203
202 49
202 127
6 30
6 202
140 206
140 6
121 130
121 140
99 46
99 121
142 46
134 171
134 142
94 207
72 39
72 94
166 23
166 72
8 84
8 166
205 43
205 8
204 158
204 205
150 158
144 180
144 150
49 42
49 144
30 47
30 49
206 163
206 30
130 165
130 206
46 175
46 130
142 208
171 102
171 208
207 133
39 88
39 207
23 69
23 39
84 22
84 23
43 209
43 84
158 120
158 43
150 96
175 165
208 210
208 175
90
1 91
2 92
3 93
4 94
5 95
6 96
7 97
8 98
9 99
10 100
11 101
12 102
13 103
14 104
15 105
16 106
17 107
18 108
19 109
20 110
21 111
22 112
23 113
24 114
25 115
26 116
27 117
28 118
29 119
30 120
31 121
32 122
33 123
34 124
35 125
36 126
37 127
38 128
39 129
40 130
41 131
42 132
43 133
44 134
45 135
46 136
47 137
48 138
49 139
50 140
51 141
52 142
53 143
54 144
55 145
56 146
57 147
58 148
59 149
60 150
61 151
62 152
63 153
64 154
65 155
66 156
67 157
68 158
69 159
70 160
71 161
72 162
73 163
74 164
75 165
76 166
77 167
78 168
79 169
80 170
81 171
82 172
83 173
84 174
85 175
86 176
87 177
88 178
89 179
90 180