225 420
223 64
64 67
67 224
224 225
225 160
60 179
41 215
41 174
215 218
116 55
116 219
55 3
55 39
3 216
3 220
216 43
216 112
43 119
43 221
119 56
119 17
56 126
56 146
126 217
126 131
217 36
217 222
36 7
36 223
7 123
7 64
123 179
123 67
179 174
179 224
174 218
174 225
218 160
219 39
39 220
220 112
112 221
221 17
17 146
146 131
131 222
222 223
139 48
71 211
71 175
211 154
211 172
154 10
154 142
10 83
10 111
83 42
83 214
42 1
42 37
1 31
1 60
31 72
31 41
72 215
52 169
52 116
169 212
169 55
212 170
212 3
170 213
170 216
213 48
213 43
48 175
48 119
175 172
175 56
172 142
172 126
142 111
142 217
111 214
111 36
214 37
214 7
37 60
37 123
60 41
206 54
122 94
40 207
40 105
207 208
207 62
208 209
208 129
209 8
209 153
8 161
8 143
161 109
161 139
109 210
109 71
210 87
210 211
87 47
87 154
47 114
47 10
114 173
114 83
173 59
173 42
59 54
59 1
54 94
54 31
94 72
105 62
105 52
62 129
62 169
129 153
129 212
153 143
153 170
143 139
143 213
139 71
194 90
21 195
86 90
21 70
195 163
195 197
29 33
163 93
163 133
93 25
29 86
93 6
25 35
25 95
16 81
35 84
35 150
84 49
16 29
84 107
49 196
49 198
57 2
196 28
196 85
28 57
28 104
51 208
77 73
77 209
73 156
73 8
156 101
156 161
101 205
101 109
205 22
205 210
22 30
22 87
30 138
30 47
138 145
138 114
145 79
145 173
79 206
79 59
206 122
141 192
188 58
150 107
188 117
58 106
58 168
95 65
106 18
189 148
189 193
95 150
148 103
148 34
103 110
6 166
103 45
110 135
110 194
6 95
135 190
135 21
190 4
133 180
190 195
4 191
4 163
133 6
191 140
191 93
140 144
197 132
140 25
144 13
144 35
197 133
13 192
13 84
192 117
70 200
192 49
117 168
117 196
70 197
168 18
168 28
18 57
90 199
193 34
193 16
34 45
90 70
34 29
45 194
45 86
86 115
194 21
80 155
12 152
12 134
33 178
152 182
152 46
182 183
33 115
182 186
183 127
183 187
81 203
127 24
127 130
24 108
81 33
24 177
108 69
108 141
2 202
69 120
69 188
120 184
104 97
120 58
184 106
185 102
104 2
185 189
102 74
102 148
85 201
74 118
74 103
118 155
85 104
118 110
155 134
155 135
198 27
134 46
134 190
46 186
198 85
46 4
186 187
186 191
107 171
187 130
187 140
130 177
107 198
130 144
177 141
177 13
150 14
141 188
65 88
98 82
98 53
65 14
82 38
82 32
38 149
166 66
38 50
149 99
149 136
166 65
99 162
99 80
162 5
180 78
162 12
5 181
5 152
180 166
181 125
181 182
125 20
132 164
125 183
20 113
20 127
132 180
113 11
113 24
11 15
200 26
11 108
15 75
15 69
200 132
75 96
75 120
96 184
199 9
53 32
53 185
32 50
199 200
32 102
50 136
50 74
115 19
136 80
136 118
80 12
115 199
178 61
178 19
203 63
203 178
202 159
97 147
97 202
201 100
201 97
27 121
27 201
171 165
171 27
14 128
14 171
88 167
88 128
66 76
66 88
78 44
78 66
164 124
164 78
26 23
26 164
9 91
9 26
19 204
19 9
61 204
63 92
63 61
159 158
147 157
147 159
100 89
100 147
121 151
121 100
165 176
165 121
128 137
128 165
167 137
76 205
76 167
44 101
44 76
124 156
124 44
23 73
23 124
91 77
91 23
204 51
204 91
61 68
92 40
92 68
158 122
157 206
157 158
89 79
89 157
151 145
151 89
176 138
176 151
137 30
137 176
167 22
51 77
68 207
68 51
90
1 91
2 92
3 93
4 94
5 95
6 96
7 97
8 98
9 99
10 100
11 101
12 102
13 103
14 104
15 105
16 106
17 107
18 108
19 109
20 110
21 111
22 112
23 113
24 114
25 115
26 116
27 117
28 118
29 119
30 120
31 121
32 122
33 123
34 124
35 125
36 126
37 127
38 128
39 129
40 130
41 131
42 132
43 133
44 134
45 135
46 136
47 137
48 138
49 139
50 140
51 141
52 142
53 143
54 144
55 145
56 146
57 147
58 148
59 149
60 150
61 151
62 152
63 153
64 154
65 155
66 156
67 157
68 158
69 159
70 160
71 161
72 162
73 163
74 164
75 165
76 166
77 167
78 168
79 169
80 170
81 171
82 172
83 173
84 174
85 175
86 176
87 177
88 178
89 179
90 180