225 420
81 11
11 225
225 69
69 9
9 176
135 132
5 123
5 54
123 113
164 17
164 3
17 49
17 223
49 151
49 55
151 125
151 174
125 175
125 31
175 47
175 115
47 169
47 224
169 43
169 177
43 28
43 112
28 39
28 81
39 222
39 11
222 132
222 225
132 54
132 69
54 113
54 9
113 176
3 223
223 55
55 174
174 31
31 115
115 224
224 177
177 112
112 81
129 27
83 18
83 93
18 167
18 220
167 217
167 58
217 218
217 80
218 219
218 74
219 32
219 221
32 25
32 135
25 144
25 5
144 123
76 45
76 164
45 59
45 17
59 57
59 49
57 71
57 151
71 27
71 125
27 93
27 175
93 220
93 47
220 58
220 169
58 80
58 43
80 74
80 28
74 221
74 39
221 135
221 222
135 5
160 136
126 216
178 102
178 108
102 162
102 118
162 158
162 77
158 50
158 15
50 33
50 86
33 179
33 129
179 148
179 83
148 131
148 18
131 99
131 167
99 213
99 217
213 214
213 218
214 215
214 219
215 136
215 32
136 216
136 25
216 144
108 118
108 76
118 77
118 45
77 15
77 59
15 86
15 57
86 129
86 71
129 83
192 197
91 193
154 197
91 198
193 159
193 14
19 70
159 72
159 110
72 194
19 154
72 143
194 114
194 128
10 146
114 195
114 199
195 153
10 19
195 200
153 147
153 100
196 101
147 38
147 201
38 196
38 92
138 162
210 52
210 158
52 23
52 50
23 211
23 33
211 117
211 179
117 212
117 148
212 90
212 131
90 89
90 99
89 171
89 213
171 127
171 214
127 160
127 215
160 126
140 60
36 190
199 200
36 119
190 40
190 85
128 172
40 116
130 65
130 53
128 199
65 111
65 41
111 44
143 66
111 1
44 191
44 192
143 128
191 67
191 91
67 107
110 157
67 193
107 22
107 159
110 143
22 165
22 72
165 155
14 30
165 194
155 98
155 114
14 110
98 60
98 195
60 119
198 104
60 153
119 85
119 147
198 14
85 116
85 38
116 196
197 180
53 41
53 10
41 1
197 198
41 19
1 192
1 154
154 73
192 91
2 156
142 152
142 141
70 124
152 163
152 137
163 95
70 73
163 189
95 68
95 13
146 4
68 75
68 63
75 8
146 70
75 105
8 34
8 140
101 24
34 161
34 36
161 187
92 37
161 190
187 40
133 168
92 101
133 130
168 188
168 65
201 139
188 46
188 111
46 156
201 92
46 44
156 141
156 191
100 120
141 137
141 67
137 189
100 201
137 107
189 13
189 22
200 202
13 63
13 165
63 105
200 100
63 155
105 140
105 98
199 149
140 36
172 64
48 170
48 103
172 149
170 78
170 186
78 181
66 150
78 106
181 182
181 94
66 172
182 6
182 2
6 121
157 173
6 142
121 183
121 152
157 66
183 184
183 163
184 185
30 84
184 95
185 79
185 68
30 157
79 88
79 75
88 42
104 29
88 8
42 166
42 34
104 30
166 7
166 161
7 187
180 96
103 186
103 133
186 106
180 104
186 168
106 94
106 188
73 26
94 2
94 46
2 142
73 180
124 206
124 26
4 35
4 124
24 62
37 205
37 24
139 204
139 37
120 203
120 139
202 56
202 120
149 51
149 202
64 20
64 51
150 87
150 64
173 61
173 150
84 209
84 173
29 208
29 84
96 207
96 29
26 16
26 96
206 16
35 145
35 206
62 21
205 97
205 62
204 109
204 205
203 134
203 204
56 122
56 203
51 12
51 56
20 12
87 117
87 20
61 211
61 87
209 23
209 61
208 52
208 209
207 210
207 208
16 138
16 207
206 82
145 178
145 82
21 126
97 160
97 21
109 127
109 97
134 171
134 109
122 89
122 134
12 90
12 122
20 212
138 210
82 102
82 138
90
1 91
2 92
3 93
4 94
5 95
6 96
7 97
8 98
9 99
10 100
11 101
12 102
13 103
14 104
15 105
16 106
17 107
18 108
19 109
20 110
21 111
22 112
23 113
24 114
25 115
26 116
27 117
28 118
29 119
30 120
31 121
32 122
33 123
34 124
35 125
36 126
37 127
38 128
39 129
40 130
41 131
42 132
43 133
44 134
45 135
46 136
47 137
48 138
49 139
50 140
51 141
52 142
53 143
54 144
55 145
56 146
57 147
58 148
59 149
60 150
61 151
62 152
63 153
64 154
65 155
66 156
67 157
68 158
69 159
70 160
71 161
72 162
73 163
74 164
75 165
76 166
77 167
78 168
79 169
80 170
81 171
82 172
83 173
84 174
85 175
86 176
87 177
88 178
89 179
90 180