225 420
224 24
24 62
62 35
35 225
225 94
179 46
57 110
57 91
110 117
216 217
216 52
217 218
217 221
218 36
218 31
36 30
36 222
30 219
30 152
219 66
219 39
66 126
66 95
126 220
126 12
220 40
220 223
40 166
40 224
166 164
166 24
164 46
164 62
46 91
46 35
91 117
91 225
117 94
52 221
221 31
31 222
222 152
152 39
39 95
95 12
12 223
223 224
11 131
180 125
180 165
125 89
125 141
89 212
89 135
212 170
212 215
170 213
170 21
213 1
213 168
1 19
1 179
19 113
19 57
113 110
29 51
29 216
51 55
51 217
55 16
55 218
16 214
16 36
214 131
214 30
131 165
131 219
165 141
165 66
141 135
141 126
135 215
135 220
215 21
215 40
21 168
21 166
168 179
168 164
179 57
4 68
20 173
162 74
162 171
74 119
74 118
119 49
119 210
49 209
49 121
209 157
209 211
157 83
157 11
83 79
83 180
79 172
79 125
172 44
172 89
44 129
44 212
129 22
129 170
22 132
22 213
132 68
132 1
68 173
68 19
173 113
171 118
171 29
118 210
118 51
210 121
210 55
121 211
121 16
211 11
211 214
11 180
147 84
42 195
102 84
42 25
195 90
195 104
72 159
90 156
90 47
156 105
72 102
156 196
105 169
105 32
134 64
169 78
169 175
78 142
134 72
78 144
142 149
142 97
45 136
149 148
149 7
148 45
148 108
23 119
71 63
71 49
63 85
63 209
85 111
85 157
111 146
111 83
146 56
146 79
56 50
56 172
50 208
50 44
208 5
208 129
5 87
5 22
87 4
87 132
4 20
76 193
128 189
175 144
128 14
189 176
189 26
32 65
176 34
3 101
3 80
32 175
101 190
101 158
190 191
196 115
190 194
191 27
191 147
196 32
27 114
27 42
114 53
47 197
114 195
53 100
53 90
47 196
100 140
100 156
140 67
104 88
140 105
67 192
67 169
104 47
192 193
192 78
193 14
25 178
193 142
14 26
14 149
25 104
26 34
26 148
34 45
84 155
80 158
80 134
158 194
84 25
158 72
194 147
194 102
102 82
147 42
183 187
112 107
112 13
159 199
107 54
107 73
54 160
159 82
54 151
160 184
160 188
64 198
184 81
184 145
81 185
64 159
81 138
185 143
185 76
136 120
143 9
143 128
9 163
108 150
9 189
163 176
124 86
108 136
124 3
86 8
86 101
7 61
8 186
8 190
186 187
7 108
186 191
187 13
187 27
97 98
13 73
13 114
73 151
97 7
73 53
151 188
151 100
144 60
188 145
188 140
145 138
144 97
145 67
138 76
138 192
175 161
76 128
65 58
28 181
28 33
65 161
181 153
181 48
153 6
115 43
153 127
6 182
6 167
115 65
182 41
182 183
41 103
197 93
41 112
103 106
103 107
197 115
106 2
106 54
2 133
88 200
2 160
133 116
133 184
88 197
116 99
116 81
99 109
178 130
99 185
109 59
109 143
178 88
59 139
59 9
139 163
155 123
33 48
33 124
48 127
155 178
48 86
127 167
127 8
82 70
167 183
167 186
183 112
82 155
199 38
199 70
198 202
198 199
120 92
150 201
150 120
61 122
61 150
98 69
98 61
60 10
60 98
161 77
161 60
58 205
58 77
43 177
43 58
93 37
93 43
200 174
200 93
130 75
130 200
123 204
123 130
70 203
70 123
38 203
202 137
202 38
92 96
201 17
201 92
122 15
122 201
69 207
69 122
10 154
10 69
77 206
77 10
205 206
177 146
177 205
37 111
37 177
174 85
174 37
75 63
75 174
204 71
204 75
203 23
203 204
38 18
137 162
137 18
96 20
17 4
17 96
15 87
15 17
207 5
207 15
154 208
154 207
206 50
206 154
205 56
23 71
18 74
18 23
90
1 91
2 92
3 93
4 94
5 95
6 96
7 97
8 98
9 99
10 100
11 101
12 102
13 103
14 104
15 105
16 106
17 107
18 108
19 109
20 110
21 111
22 112
23 113
24 114
25 115
26 116
27 117
28 118
29 119
30 120
31 121
32 122
33 123
34 124
35 125
36 126
37 127
38 128
39 129
40 130
41 131
42 132
43 133
44 134
45 135
46 136
47 137
48 138
49 139
50 140
51 141
52 142
53 143
54 144
55 145
56 146
57 147
58 148
59 149
60 150
61 151
62 152
63 153
64 154
65 155
66 156
67 157
68 158
69 159
70 160
71 161
72 162
73 163
74 164
75 165
76 166
77 167
78 168
79 169
80 170
81 171
82 172
83 173
84 174
85 175
86 176
87 177
88 178
89 179
90 180