225 420
105 157
157 162
162 125
125 132
132 57
29 38
221 222
221 61
222 142
74 223
74 225
223 91
223 101
91 178
91 165
178 20
178 23
20 109
20 106
109 56
109 83
56 44
56 149
44 54
44 140
54 82
54 137
82 224
82 105
224 169
224 157
169 38
169 162
38 61
38 125
61 142
61 132
142 57
225 101
101 165
165 23
23 106
106 83
83 149
149 140
140 137
137 105
7 220
2 177
2 31
177 21
177 99
21 51
21 36
51 159
51 144
159 180
159 171
180 66
180 122
66 94
66 29
94 14
94 221
14 222
8 103
8 74
103 129
103 223
129 76
129 91
76 126
76 178
126 220
126 20
220 31
220 109
31 99
31 56
99 36
99 44
36 144
36 54
144 171
144 82
171 122
171 224
122 29
122 169
29 221
25 217
116 218
84 89
84 130
89 97
89 136
97 10
97 219
10 214
10 19
214 98
214 24
98 4
98 7
4 215
4 2
215 216
215 177
216 34
216 21
34 52
34 51
52 58
52 159
58 143
58 180
143 217
143 66
217 218
217 94
218 14
130 136
130 8
136 219
136 103
219 19
219 129
19 24
19 76
24 7
24 126
7 2
35 198
138 195
73 198
138 124
195 196
195 164
123 134
196 147
196 9
147 59
123 73
147 199
59 197
59 152
43 115
197 3
197 95
3 42
43 123
3 40
42 12
42 71
90 201
12 153
12 200
153 90
153 85
211 97
1 117
1 10
117 179
117 214
179 87
179 98
87 212
87 4
212 50
212 215
50 213
50 216
213 111
213 34
111 167
111 52
167 160
167 58
160 25
160 143
25 116
189 145
190 26
95 40
190 146
26 174
26 133
152 120
174 193
67 191
67 27
152 95
191 192
191 141
192 15
199 65
192 194
15 108
15 35
199 152
108 60
108 138
60 114
9 202
60 195
114 72
114 196
9 199
72 176
72 147
176 69
164 154
176 59
69 92
69 197
164 9
92 145
92 3
145 146
124 68
145 42
146 133
146 12
124 164
133 193
133 153
193 90
198 127
27 141
27 43
141 194
198 124
141 123
194 35
194 73
73 86
35 138
18 100
158 113
158 187
134 41
113 75
113 188
75 112
134 86
75 131
112 185
112 49
115 88
185 166
185 78
166 186
115 134
166 102
186 81
186 189
201 93
81 13
81 190
13 11
85 161
13 26
11 174
151 77
85 201
151 67
77 53
77 191
200 163
53 17
53 192
17 100
200 85
17 15
100 187
100 108
71 139
187 188
187 60
188 131
71 200
188 114
131 49
131 72
40 204
49 78
49 176
78 102
40 71
78 69
102 189
102 92
95 203
189 190
120 45
33 47
33 119
120 203
47 181
47 184
181 150
65 46
181 155
150 32
150 62
65 120
32 172
32 18
172 182
202 206
172 158
182 183
182 113
202 65
183 39
183 75
39 79
154 55
39 112
79 5
79 185
154 202
5 28
5 166
28 135
68 63
28 186
135 168
135 81
68 154
168 156
168 13
156 11
127 107
119 184
119 151
184 155
127 68
184 77
155 62
155 53
86 205
62 18
62 17
18 158
86 127
41 64
41 205
88 121
88 41
93 110
161 80
161 93
163 16
163 161
139 208
139 163
204 207
204 139
203 6
203 204
45 210
45 6
46 209
46 45
206 173
206 46
55 30
55 206
63 22
63 55
107 170
107 63
205 148
205 107
64 148
121 104
121 64
110 48
80 70
80 110
16 128
16 80
208 37
208 16
207 118
207 208
6 96
6 207
210 96
209 212
209 210
173 87
173 209
30 179
30 173
22 117
22 30
170 1
170 22
148 211
148 170
64 175
104 84
104 175
48 116
70 25
70 48
128 160
128 70
37 167
37 128
118 111
118 37
96 213
96 118
210 50
211 1
175 89
175 211
90
1 91
2 92
3 93
4 94
5 95
6 96
7 97
8 98
9 99
10 100
11 101
12 102
13 103
14 104
15 105
16 106
17 107
18 108
19 109
20 110
21 111
22 112
23 113
24 114
25 115
26 116
27 117
28 118
29 119
30 120
31 121
32 122
33 123
34 124
35 125
36 126
37 127
38 128
39 129
40 130
41 131
42 132
43 133
44 134
45 135
46 136
47 137
48 138
49 139
50 140
51 141
52 142
53 143
54 144
55 145
56 146
57 147
58 148
59 149
60 150
61 151
62 152
63 153
64 154
65 155
66 156
67 157
68 158
69 159
70 160
71 161
72 162
73 163
74 164
75 165
76 166
77 167
78 168
79 169
80 170
81 171
82 172
83 173
84 174
85 175
86 176
87 177
88 178
89 179
90 180