500 1020
67 177
324 310
40 260
462 50
139 322
416 259
278 414
111 350
411 215
349 308
95 321
188 257
304 275
27 254
253 436
180 61
242 229
446 36
250 446
250 434
194 464
1 440
1 166
473 248
194 248
473 474
150 248
150 474
76 465
472 473
472 248
54 472
76 464
54 473
471 472
471 54
186 474
470 471
470 54
469 472
186 473
469 471
468 469
468 470
464 248
167 471
167 469
467 471
464 245
467 468
466 473
466 470
245 466
465 150
465 54
87 248
245 474
87 473
53 48
53 480
498 187
498 41
497 62
497 115
496 498
496 485
376 270
222 375
236 203
206 245
430 96
429 439
429 444
97 463
428 438
428 445
427 429
97 464
427 437
181 427
181 445
461 60
426 428
426 443
180 431
461 76
180 1
425 442
425 439
101 463
229 440
229 96
176 9
101 76
176 443
424 425
424 74
139 465
423 426
423 9
422 431
139 194
422 144
112 204
112 144
462 60
211 17
211 181
129 181
462 167
129 432
160 151
160 74
463 60
449 250
449 422
166 430
463 465
166 250
448 435
448 440
60 150
447 423
447 204
446 1
60 470
442 444
158 464
442 250
441 444
441 445
457 101
222 96
222 443
74 443
457 105
74 444
9 250
9 441
90 460
151 444
151 441
163 443
90 76
163 444
440 96
440 442
458 473
36 163
36 442
204 445
458 186
204 441
219 74
219 144
459 87
439 442
439 250
17 151
459 194
17 445
438 444
438 144
105 464
437 9
437 445
436 444
105 466
436 441
435 151
435 219
460 465
434 96
434 442
433 144
460 461
433 204
432 444
432 433
206 463
431 437
431 435
430 9
400 409
453 457
400 408
145 49
145 58
454 186
399 421
399 89
102 412
454 194
102 403
398 421
398 420
249 467
52 145
52 58
397 400
249 458
397 398
162 58
162 102
455 474
396 407
396 162
395 218
455 464
395 225
19 396
19 400
456 463
79 410
79 218
394 397
456 105
394 420
393 102
393 417
43 54
152 102
152 162
421 393
43 90
421 19
445 250
445 1
82 466
144 250
144 1
444 1
82 463
444 445
443 250
443 445
158 458
96 445
96 1
113 238
185 451
113 152
31 417
31 152
450 208
49 113
49 238
413 152
450 87
413 421
412 419
412 415
208 249
58 31
58 113
141 58
208 43
141 152
411 141
411 152
451 90
410 152
410 113
218 58
451 464
218 421
409 418
409 58
452 249
408 31
408 410
407 141
452 60
407 410
406 155
406 410
178 474
405 238
405 409
404 413
178 459
404 70
403 49
403 410
132 101
89 238
89 58
402 403
132 249
402 404
401 152
401 141
453 469
202 406
202 141
134 237
392 382
494 496
392 71
391 377
391 136
173 496
390 80
390 368
389 33
173 495
389 379
230 379
230 138
5 495
201 380
201 237
388 201
5 497
388 120
227 372
227 134
495 497
225 421
225 152
155 152
495 496
155 421
70 225
70 152
248 206
420 70
420 421
419 152
248 458
419 70
238 419
238 152
474 87
418 421
418 419
417 155
474 469
417 238
12 225
12 419
6 101
416 225
416 155
415 155
6 453
415 70
154 225
154 12
185 450
414 154
414 420
376 380
118 42
234 491
118 386
375 383
375 118
491 493
47 378
47 377
212 377
491 494
212 237
131 388
131 380
62 492
14 380
14 212
136 118
62 5
136 387
171 384
171 14
492 497
374 383
374 387
110 223
492 494
110 377
236 382
236 47
115 196
71 374
71 383
373 378
115 494
373 171
372 23
372 374
493 496
215 33
215 47
371 373
493 196
371 110
370 118
370 382
196 173
78 171
78 136
369 388
196 496
369 382
368 227
368 33
494 173
134 131
172 226
387 227
486 493
387 388
80 227
80 387
27 173
29 388
29 387
386 387
27 490
386 80
120 386
120 80
487 489
223 387
223 120
138 120
487 497
138 29
385 80
385 227
488 493
384 29
384 120
383 29
488 494
383 384
42 387
42 120
244 492
33 383
33 387
237 387
244 5
237 385
382 385
382 42
489 5
381 80
381 237
380 33
489 491
380 227
379 381
379 120
490 497
378 33
378 385
377 384
490 62
377 42
23 42
23 384
234 62
376 138
189 83
189 235
294 94
66 164
294 189
34 221
34 135
179 332
316 128
316 235
500 115
315 85
179 329
315 128
133 216
133 20
327 143
44 216
44 133
336 44
327 3
336 20
335 44
500 487
335 216
164 328
334 335
334 133
333 334
164 332
333 133
332 334
332 44
328 3
240 44
240 333
499 489
331 335
328 332
331 133
143 331
143 44
329 334
65 336
65 20
220 333
329 240
220 20
159 20
499 247
159 143
3 20
330 331
330 159
3 336
48 244
246 226
367 355
367 353
48 41
172 355
37 315
37 309
304 313
67 325
304 197
303 94
303 311
147 216
232 137
232 235
175 187
302 313
147 327
302 315
77 235
77 26
75 335
301 312
301 55
92 307
75 66
92 315
300 37
175 244
300 107
214 325
73 306
73 37
299 315
214 220
299 302
298 305
298 232
86 133
217 197
217 37
81 490
98 232
86 325
98 307
85 300
85 217
325 44
297 228
297 232
296 37
325 133
296 302
108 228
81 173
108 301
326 179
128 26
128 37
295 127
326 336
295 305
123 314
123 221
66 335
320 147
221 315
221 94
228 315
320 75
228 221
313 228
476 496
313 316
174 133
312 313
312 26
83 314
174 179
83 315
135 312
135 83
91 331
127 314
127 26
475 115
311 313
91 330
311 228
137 315
137 221
321 65
203 83
203 313
310 312
321 214
310 127
309 83
475 485
309 314
322 44
197 309
197 313
308 316
322 214
308 83
188 315
188 312
323 3
307 228
307 316
187 487
306 221
323 334
306 312
55 313
55 83
324 332
107 309
107 306
305 197
324 147
305 26
235 221
187 5
235 135
67 147
169 10
103 86
46 170
46 191
41 241
274 16
103 143
274 191
200 46
200 153
231 159
51 274
51 277
207 21
231 328
207 283
198 88
41 488
198 284
317 220
114 109
114 46
293 153
317 148
293 109
126 84
126 183
318 20
292 198
292 10
149 161
291 84
318 328
291 277
290 280
290 84
148 66
289 282
289 291
11 13
148 333
11 109
4 22
149 247
4 288
209 133
7 125
7 282
288 126
209 332
288 183
287 22
287 88
319 147
26 316
26 315
476 493
94 26
319 133
94 315
314 26
314 315
22 10
216 327
153 284
153 283
16 63
216 334
16 10
281 284
281 287
337 338
88 22
88 281
478 497
191 282
337 319
191 10
109 10
109 13
338 326
280 16
280 285
125 10
338 339
125 153
40 284
478 115
40 10
57 209
50 284
50 63
170 288
57 214
170 13
21 280
21 288
339 20
279 191
279 170
477 495
183 285
339 333
183 153
165 282
165 192
340 330
278 125
278 279
277 153
340 179
277 84
276 125
477 122
276 165
205 164
275 283
275 10
61 109
205 159
61 286
169 276
255 265
157 364
254 255
254 193
253 64
157 366
253 25
252 190
247 480
252 267
363 365
224 104
224 256
251 124
363 366
251 262
93 142
93 68
364 366
30 255
30 267
241 492
15 252
364 367
15 255
273 119
273 269
365 172
182 25
182 124
286 288
365 8
286 287
63 286
241 234
63 287
8 366
192 288
192 286
285 288
8 172
285 286
84 285
84 286
366 172
284 63
284 287
479 495
283 285
366 367
283 288
10 283
10 284
20 103
13 286
13 287
282 283
20 323
282 192
22 282
479 241
267 195
267 69
24 364
266 233
266 146
481 62
265 156
24 213
265 190
177 273
177 156
360 100
35 64
35 146
264 195
360 362
264 265
263 69
481 489
263 104
100 362
262 271
262 267
261 119
100 172
261 117
260 273
260 45
361 363
124 265
124 266
480 234
259 273
361 364
259 268
193 182
193 35
362 106
111 146
111 263
210 119
362 366
210 261
239 45
480 39
239 268
213 367
68 117
68 239
258 261
213 157
258 210
257 193
257 210
106 172
25 190
25 258
247 244
256 190
106 157
256 273
255 264
483 243
28 363
28 100
64 182
64 273
356 361
195 182
195 64
482 490
272 182
356 157
272 273
146 64
146 272
357 361
69 146
69 272
45 272
357 24
45 273
142 182
482 161
142 64
358 213
233 182
233 272
119 45
358 100
119 195
99 272
99 45
2 360
271 182
271 272
199 140
190 146
2 363
190 45
270 99
270 142
359 367
117 273
117 190
269 272
359 361
269 271
156 119
199 496
156 272
56 364
104 99
104 269
268 142
56 213
268 273
352 362
352 8
243 39
184 367
184 24
121 360
122 243
121 356
353 363
353 362
122 161
354 366
354 360
18 361
483 140
18 367
355 362
355 56
341 343
116 363
116 365
486 488
246 353
485 486
341 345
342 121
342 38
485 494
343 18
168 354
344 353
140 196
344 348
343 357
130 56
39 62
130 365
345 356
345 28
140 234
168 358
347 2
32 357
32 2
39 488
346 18
346 355
226 2
242 234
348 72
348 363
347 184
242 491
59 364
59 359
95 2
484 490
95 59
226 72
351 2
350 351
161 484
350 365
349 354
349 358
484 485
243 488
72 2
38 352
38 24
161 490
351 352
72 357
125
377 54
360 389
382 130
289 78
135 138
164 56
408 357
12 344
241 355
290 14
190 261
162 490
211 8
419 25
439 411
368 88
417 151
296 319
224 440
70 156
363 387
265 58
416 226
260 245
374 346
492 154
433 443
465 107
6 459
148 420
396 451
198 189
73 116
101 266
21 464
69 110
244 42
281 409
463 180
491 111
373 43
109 75
222 247
194 305
425 11
123 161
340 82
458 295
18 210
55 403
106 183
361 35
460 336
300 335
238 46
172 372
144 352
136 239
31 214
206 365
27 427
205 48
379 253
252 366
150 257
93 381
236 177
390 476
212 9
38 482
478 479
41 62
321 497
424 94
81 40
141 71
10 378
233 292
240 87
283 474
114 28
310 155
217 181
243 441
386 204
65 84
256 68
120 5
125 431
133 405
273 343
309 317
314 301
279 221
421 170
447 207
392 406
248 311
225 362
430 470
391 422
4 26
298 418
284 435
159 187
64 143
147 268
412 414
338 126
385 171
102 331
318 286
483 303
213 341
90 327
394 91
67 369
432 39
428 329
467 413
45 280
434 332
186 274
61 235
197 96