500 1020
249 266
326 137
285 208
459 284
115 201
151 16
282 409
160 30
168 370
19 315
353 324
163 259
310 281
3 256
239 182
423 132
480 421
441 203
81 441
81 429
462 464
84 250
84 443
9 470
462 470
9 134
469 470
469 134
463 466
70 9
70 470
135 70
463 464
135 9
468 70
468 135
99 134
64 468
64 135
37 70
99 9
37 468
105 37
105 64
464 470
29 468
29 37
57 468
464 18
57 105
467 9
467 64
18 467
466 469
466 135
465 470
18 134
465 9
498 500
498 50
106 229
106 11
497 490
497 34
496 106
496 174
379 236
90 377
210 222
457 18
427 4
426 211
426 438
458 460
104 212
104 440
425 426
458 464
425 431
424 425
424 440
122 461
183 104
183 437
423 73
122 463
423 84
422 436
422 211
31 460
421 250
421 4
420 67
31 463
420 437
146 422
146 434
115 466
419 183
419 67
418 73
115 462
418 439
35 42
35 439
459 461
88 87
88 424
227 424
459 29
227 428
445 433
445 434
460 461
444 81
444 418
443 427
460 466
443 81
442 430
442 250
461 469
145 419
145 42
441 84
461 64
436 438
452 464
436 81
435 438
435 440
453 31
90 4
90 437
434 437
453 455
434 438
67 81
67 435
454 456
433 438
433 435
141 437
454 463
141 438
250 4
250 436
152 9
203 141
203 436
42 440
152 99
42 435
432 434
432 439
58 465
211 436
211 81
87 433
58 462
87 440
212 438
212 439
455 464
431 67
431 440
182 438
455 467
182 435
430 433
430 432
456 466
429 4
429 436
121 439
456 122
121 42
428 438
428 121
457 460
73 431
73 430
427 67
399 403
449 453
399 10
398 155
398 406
187 99
139 417
139 402
397 407
187 462
397 148
396 417
396 180
248 57
150 398
150 406
395 399
248 152
395 396
83 406
83 397
170 134
394 159
394 83
393 404
170 464
393 416
392 394
392 399
450 460
94 38
94 404
243 395
450 455
243 180
391 397
391 74
451 135
169 397
169 83
417 391
451 454
417 392
440 81
440 84
118 467
439 81
439 84
438 84
118 460
438 440
437 81
437 440
452 152
4 440
4 84
66 111
446 218
66 169
7 74
7 169
447 138
155 66
155 111
408 169
447 465
408 417
407 414
407 411
138 248
406 7
406 66
405 406
138 451
405 169
168 405
168 169
218 454
38 169
38 66
404 406
218 464
404 417
403 413
403 406
116 248
10 7
10 38
159 405
116 461
159 38
92 415
92 38
448 134
97 111
97 403
173 408
448 58
173 223
148 155
148 38
24 31
402 111
402 406
401 148
24 248
401 173
400 169
400 405
449 37
245 92
245 405
390 162
389 382
493 496
389 372
26 156
26 375
63 496
65 147
65 367
44 109
63 495
44 28
85 28
85 384
494 495
388 177
388 162
387 388
494 497
387 209
13 371
13 390
495 497
416 417
416 169
415 169
495 496
415 417
223 416
223 169
470 457
180 223
180 417
414 169
470 152
414 223
111 414
111 169
134 465
413 417
413 414
74 415
134 37
74 111
412 416
412 414
45 31
151 416
151 415
411 415
45 449
411 223
410 416
410 412
446 447
409 410
409 180
379 177
378 383
488 489
378 246
377 61
377 378
489 492
52 381
52 156
376 156
489 493
376 162
224 387
224 177
490 491
76 177
76 376
375 378
490 494
375 386
54 205
54 76
491 497
374 61
374 386
373 175
491 493
373 156
210 382
210 52
34 197
372 374
372 61
41 381
34 493
41 54
371 380
371 374
492 496
370 109
370 52
95 41
492 197
95 373
91 378
91 382
197 63
369 54
369 375
368 387
197 496
368 382
367 13
367 109
493 63
390 224
103 352
386 13
483 492
386 387
147 13
147 386
3 63
385 387
385 386
246 386
3 487
246 147
209 246
209 147
206 486
175 386
175 209
384 209
206 497
384 385
72 147
72 13
484 492
205 385
205 209
61 385
484 493
61 205
383 386
383 209
485 491
109 61
109 386
162 386
485 494
162 72
382 72
382 383
486 494
149 147
149 162
177 109
486 489
177 13
28 149
28 209
487 497
381 109
381 72
156 205
487 490
156 383
380 383
380 205
488 490
379 384
123 1
123 311
301 193
329 330
301 123
164 221
164 318
235 247
322 303
322 311
499 34
129 231
235 332
129 303
342 344
342 343
40 338
341 344
341 342
191 341
40 333
191 343
340 341
499 206
340 344
330 331
120 340
120 342
339 120
330 247
339 342
247 120
247 341
331 333
237 341
237 339
101 486
2 340
331 247
2 342
338 2
338 341
332 120
337 191
337 343
336 339
332 237
336 343
335 343
101 475
335 338
333 343
334 2
334 335
333 191
500 485
49 352
165 360
165 198
500 11
103 360
241 129
241 316
310 240
249 328
310 233
309 193
309 234
20 344
220 71
220 311
199 229
308 240
20 40
308 129
307 311
307 321
327 340
133 319
133 215
62 314
327 329
62 129
306 241
199 485
306 312
207 328
143 313
143 241
142 129
207 336
142 308
195 77
195 220
238 342
126 233
126 241
93 487
225 220
238 328
225 314
231 306
231 126
328 341
305 320
305 220
23 241
328 342
23 308
304 320
93 63
304 133
15 235
303 321
303 241
302 317
15 191
302 77
217 196
217 221
329 340
56 20
221 129
221 193
320 129
56 327
320 221
240 320
472 496
240 322
219 342
319 240
319 321
1 196
219 235
1 129
318 319
318 1
48 2
317 196
317 321
471 34
234 240
48 334
234 320
71 129
71 221
324 337
222 1
222 240
137 319
324 207
137 317
316 1
471 174
316 196
201 341
233 316
233 240
315 322
201 207
315 1
163 129
163 319
325 333
314 320
314 322
229 206
313 221
325 120
313 319
215 240
215 1
326 247
312 316
312 313
77 233
326 20
77 321
311 221
229 494
311 318
249 20
280 293
194 238
190 25
190 5
11 474
33 291
194 338
33 5
279 190
279 292
226 335
179 33
179 186
110 96
226 331
110 8
127 289
11 484
127 171
323 336
278 288
278 190
300 292
323 242
300 288
299 86
299 167
172 343
39 127
39 293
113 479
119 86
172 331
119 186
298 287
298 86
242 329
131 79
131 119
36 98
242 339
36 288
216 75
113 475
216 140
68 342
297 286
297 79
140 299
68 247
140 167
60 75
60 289
230 20
321 322
321 129
472 492
193 321
230 342
193 129
196 321
196 129
75 293
344 40
292 171
292 8
291 228
344 120
291 293
290 171
290 60
345 346
289 75
289 290
473 497
5 79
345 230
5 293
288 293
288 98
346 15
287 291
287 294
286 293
346 46
286 292
285 171
473 34
285 293
204 68
284 171
284 228
25 140
204 207
25 98
96 287
96 140
46 343
53 5
53 25
184 495
167 294
46 339
167 292
283 79
283 295
51 334
282 286
282 53
186 292
51 235
186 86
21 286
184 478
21 283
176 330
281 8
281 293
132 288
176 335
132 296
280 21
257 157
153 364
256 257
256 262
239 277
153 366
239 258
255 244
475 50
255 166
363 144
254 268
254 43
253 117
363 366
253 264
252 271
252 261
364 366
202 257
202 166
474 491
251 255
364 165
251 257
161 114
161 108
144 103
55 258
55 117
296 140
144 365
296 60
228 296
474 488
228 60
365 366
295 140
295 296
294 140
365 103
294 296
86 294
86 296
366 103
171 228
171 60
189 495
8 294
366 165
8 140
293 8
293 171
343 194
98 296
98 60
79 8
343 325
79 295
75 79
189 474
166 276
166 273
136 364
267 270
267 274
200 490
157 128
136 82
157 244
266 161
266 128
107 185
192 277
192 274
130 276
107 181
130 157
265 273
200 486
265 268
185 181
264 89
264 166
263 114
185 103
263 112
208 161
208 272
27 363
117 157
117 267
50 488
16 161
27 364
16 232
262 55
262 192
181 125
160 274
160 265
47 114
181 366
47 263
124 272
50 481
124 232
82 165
261 112
261 124
260 263
82 153
260 47
259 262
259 47
125 103
258 244
258 260
475 485
43 244
125 153
43 161
257 130
477 6
154 363
154 185
277 55
277 161
361 27
276 55
276 277
476 487
275 55
361 153
275 161
274 277
274 275
178 27
273 274
273 275
272 275
178 136
272 161
271 55
476 479
271 277
14 82
270 55
270 275
114 272
14 185
114 276
269 275
269 272
362 107
89 55
89 275
69 482
244 274
362 363
244 272
236 269
236 271
78 165
112 161
112 244
108 275
78 27
108 89
128 114
69 496
128 275
100 364
268 269
268 108
232 271
100 82
232 161
357 181
357 365
6 481
358 165
358 136
359 107
478 6
359 361
198 363
198 181
478 479
214 366
214 107
17 27
477 482
17 165
360 181
360 100
12 348
188 363
188 144
483 484
49 198
174 483
12 349
347 359
347 355
174 493
348 17
102 214
22 198
482 197
22 351
348 178
32 100
481 490
32 144
349 361
349 154
482 488
102 14
350 362
59 178
59 362
481 484
158 17
158 360
352 362
480 488
351 356
351 363
350 358
480 489
354 364
354 78
353 362
213 487
353 354
352 356
80 362
30 80
479 213
30 144
19 214
19 14
213 174
6 484
356 362
355 357
355 136
479 487
80 357
356 178
125
162 335
500 396
472 302
171 130
378 359
185 87
127 218
117 350
491 278
213 239
482 314
106 465
94 71
153 235
43 193
49 234
344 72
438 155
322 277
146 12
183 59
288 215
341 393
489 79
214 41
496 411
170 56
258 409
7 173
120 31
433 4
1 219
488 402
434 276
247 309
307 51
289 387
463 460
316 388
370 484
319 386
403 144
209 256
313 39
253 473
53 405
437 74
73 123
458 419
233 184
401 69
436 226
331 432
206 406
54 182
461 362
242 368
189 221
140 108
490 20
46 304
272 84
257 245
6 224
163 268
207 353
194 124
165 290
93 47
451 383
261 160
485 495
77 340
129 342
251 139
250 440
367 24
90 267
8 266
238 270
40 11
311 50
195 197
283 116
128 360
192 404
417 273
453 478
75 363
282 27
369 103
105 354
279 468
133 459
60 429
172 399
352 78
236 137
355 486
101 361
455 345
327 188
449 303
336 330
91 480
205 343
317 414
410 100
121 232
365 203
259 30
241 28
475 427
264 483
351 321
16 81
376 135
328 315
312 407
196 293
102 154
391 325
497 9
320 262
308 126