500 1020
332 267
331 317
287 262
16 73
171 329
116 165
128 423
260 366
79 387
131 314
236 328
247 5
71 285
493 253
174 216
123 93
6 157
233 443
32 233
32 438
26 473
119 63
119 451
479 480
26 480
479 481
84 480
84 481
472 64
104 479
104 480
478 104
472 473
478 479
477 104
477 478
122 481
476 477
476 478
475 104
122 479
475 477
221 475
221 476
473 480
60 477
60 475
180 477
473 474
180 221
136 479
136 476
474 136
64 84
64 478
194 480
474 481
194 479
43 2
43 487
143 484
143 486
189 34
189 132
500 143
500 14
394 3
130 158
54 235
470 474
190 447
436 441
436 448
1 81
435 249
435 449
434 436
1 473
434 439
433 434
433 449
38 109
240 435
240 153
123 437
38 472
123 119
135 50
135 441
471 81
157 63
157 447
199 77
471 472
199 153
100 135
100 80
171 64
68 240
68 77
113 437
171 26
113 154
237 210
237 154
16 109
432 440
432 433
431 433
16 60
431 164
452 445
452 80
81 109
97 32
97 113
451 190
81 64
451 32
56 220
56 63
109 84
450 68
450 210
233 119
109 476
50 448
463 473
50 32
446 448
446 449
464 471
130 447
130 153
80 153
464 468
80 448
77 32
77 446
465 469
445 448
445 446
444 153
465 472
444 448
63 447
63 50
466 479
443 444
443 50
210 449
466 122
210 446
442 80
442 154
467 194
441 50
441 32
440 445
467 26
440 449
249 448
249 154
468 473
439 77
439 449
216 448
468 136
216 446
220 445
220 442
469 64
438 447
438 50
75 154
469 38
75 210
164 448
164 75
470 81
437 439
437 220
190 77
62 418
460 464
62 193
411 110
411 421
118 122
410 430
410 36
409 58
118 26
409 414
40 430
40 428
59 180
88 411
88 421
408 62
59 466
408 40
48 421
48 409
69 481
185 417
185 48
51 419
69 473
51 429
407 185
407 62
461 81
246 129
246 419
406 408
461 468
406 428
9 409
9 111
139 478
78 409
78 48
430 9
139 465
430 407
449 32
449 119
462 136
154 32
154 119
448 119
462 81
448 449
153 32
153 449
463 466
447 449
447 119
31 427
454 456
31 78
422 111
422 78
175 455
110 31
110 427
90 78
175 194
90 430
58 229
58 424
455 59
421 422
421 31
420 421
455 139
420 78
79 420
79 78
456 465
129 78
129 31
419 421
456 473
419 430
418 426
418 421
457 59
193 422
193 129
417 420
457 109
417 129
416 148
416 129
458 481
225 427
225 418
415 90
458 467
415 37
414 110
414 129
459 471
36 427
36 421
413 414
459 59
413 415
412 78
412 420
460 475
46 416
46 420
405 398
196 214
76 500
196 87
146 147
146 390
231 500
404 188
404 42
144 35
231 242
144 223
245 223
245 248
499 242
403 125
403 398
126 403
499 189
126 18
402 91
402 405
242 189
429 430
429 78
148 78
242 500
148 430
37 429
37 78
480 470
428 37
428 430
229 78
480 466
229 37
427 229
427 78
481 194
426 430
426 229
111 148
481 475
111 427
425 429
425 229
453 471
116 429
116 148
424 148
453 460
424 37
19 429
19 425
454 175
423 19
423 428
394 125
241 170
497 226
241 400
158 82
158 241
226 498
243 396
243 147
393 147
226 76
393 398
392 126
392 125
34 107
391 125
391 393
390 241
34 499
390 401
191 57
191 391
107 189
389 82
389 401
388 399
107 76
388 147
54 214
54 243
132 20
87 389
87 82
212 396
132 76
212 191
91 395
91 389
498 500
387 35
387 243
386 212
498 20
386 388
106 241
106 214
20 231
385 191
385 390
61 126
20 500
61 214
42 402
42 35
76 231
405 392
137 365
401 402
176 498
401 126
188 402
188 401
493 231
149 126
149 401
400 401
493 496
400 188
18 400
18 188
86 22
399 401
399 18
248 18
86 189
248 149
166 188
166 402
494 498
57 149
57 18
82 149
494 76
82 57
170 401
170 18
495 107
35 82
35 401
398 401
495 499
398 166
214 166
214 170
22 499
397 188
397 398
125 35
22 226
125 402
223 397
223 18
496 189
396 35
396 166
147 57
496 34
147 170
395 170
395 57
497 34
394 248
108 224
108 198
305 322
160 159
305 108
173 321
173 319
336 345
213 307
213 198
117 132
323 182
336 200
323 307
348 350
348 349
337 342
217 350
217 348
89 217
337 338
89 349
347 217
117 86
347 350
159 114
346 347
346 348
96 346
159 345
96 348
345 346
345 217
114 338
344 217
344 96
167 22
343 347
114 345
343 348
342 343
342 217
200 346
341 89
341 349
340 96
200 344
340 349
169 349
167 187
169 342
338 349
339 343
339 169
338 89
2 495
181 365
384 373
384 371
2 486
137 373
234 323
234 316
71 179
332 155
71 315
95 322
95 318
333 350
313 209
313 198
483 484
151 179
333 337
151 323
312 198
312 105
203 347
33 320
33 10
127 13
203 160
127 323
70 234
483 495
70 184
99 155
311 206
311 234
74 323
99 340
74 151
310 138
310 313
334 348
142 315
142 234
482 496
309 313
334 155
309 13
182 70
182 142
155 217
53 215
53 313
308 234
155 348
308 151
232 215
482 231
232 33
335 336
307 105
307 234
306 177
335 89
306 138
218 202
218 321
160 347
161 333
321 323
321 322
215 323
161 203
215 321
179 215
172 500
179 213
326 348
320 179
320 105
224 202
326 336
224 323
319 320
319 224
327 343
177 202
177 105
485 132
318 179
327 339
318 215
209 323
209 321
328 341
235 224
235 179
317 320
328 99
317 177
316 224
485 14
316 202
329 217
315 316
315 179
314 213
329 99
314 224
247 323
247 320
330 338
13 215
13 213
484 86
206 321
330 346
206 320
10 179
10 224
331 345
184 316
184 206
138 315
331 333
138 105
198 321
484 499
198 319
332 333
284 168
355 334
72 195
72 183
486 94
49 292
355 342
49 183
283 72
283 293
85 169
282 49
282 121
8 102
85 114
8 134
281 290
486 494
281 201
45 340
133 4
133 72
304 293
45 112
304 4
303 295
303 23
192 349
302 281
302 168
178 490
239 295
192 114
239 121
11 289
11 295
112 160
301 156
301 239
67 294
112 96
67 4
300 163
178 187
300 15
324 348
299 288
299 156
15 303
324 345
15 23
39 163
39 290
325 333
105 213
105 323
172 498
322 105
325 348
322 323
202 105
202 323
163 168
350 337
293 201
293 134
292 298
350 346
292 168
291 201
291 39
351 352
290 163
290 291
98 189
183 156
351 325
183 168
4 168
4 294
352 335
289 292
289 296
288 168
352 353
288 293
287 201
98 132
287 168
145 324
73 201
73 298
195 15
145 99
195 294
102 289
102 15
353 349
230 183
230 195
162 242
23 296
353 96
23 293
286 156
286 297
354 339
128 288
128 230
121 293
354 336
121 295
103 288
162 186
103 286
244 159
285 134
285 168
93 4
244 169
93 44
284 103
254 268
222 92
253 254
253 261
174 7
222 383
174 255
65 274
187 487
65 270
238 25
252 272
252 250
140 41
238 383
140 264
251 207
251 257
92 383
66 254
66 270
94 107
152 65
92 384
152 254
280 275
280 219
25 137
279 255
279 41
44 15
25 197
44 39
298 44
94 497
298 39
197 383
297 15
297 44
296 15
197 137
296 44
295 296
295 44
383 137
201 298
201 39
24 242
134 296
383 384
134 15
168 134
168 201
349 355
294 44
294 39
156 134
349 330
156 297
163 156
24 94
270 278
270 120
52 92
269 115
269 277
488 34
268 228
52 381
268 274
267 280
267 228
17 28
83 7
83 277
266 278
17 380
266 268
265 120
488 22
265 272
28 380
264 29
264 270
263 275
28 137
263 273
262 280
262 276
379 238
41 268
41 269
487 497
165 280
379 92
165 271
261 279
261 83
380 382
260 277
260 265
259 275
380 383
259 263
258 276
487 492
258 271
381 384
257 273
257 258
256 263
381 222
256 259
5 261
5 259
382 137
255 274
255 256
187 495
250 274
382 222
250 280
254 266
30 489
374 238
374 28
7 279
7 280
375 379
278 279
278 7
27 496
12 279
375 222
12 280
277 7
277 12
376 379
120 277
120 12
276 12
376 52
276 280
207 279
27 490
207 7
377 381
115 279
115 12
275 276
377 28
275 278
208 12
208 276
21 17
29 279
29 12
205 204
274 277
21 238
274 276
3 208
3 207
378 384
273 280
273 274
219 12
378 379
219 29
228 275
205 500
228 12
101 92
272 208
272 219
271 207
101 381
271 280
370 380
370 197
489 492
141 384
141 52
47 17
186 489
47 375
371 238
371 380
186 490
372 383
372 17
211 379
30 204
211 384
373 380
373 101
357 358
356 238
356 25
176 494
181 371
14 176
357 360
55 47
55 368
14 76
358 211
150 372
359 371
204 20
359 364
358 376
361 101
492 34
361 25
360 375
360 374
204 497
150 377
363 21
227 376
227 21
492 494
362 211
362 373
365 21
6 497
364 369
364 238
363 141
6 226
124 92
124 378
236 21
491 496
236 124
365 369
367 21
366 367
490 491
366 25
131 372
131 377
491 14
489 494
369 21
368 370
368 52
490 496
367 370
369 376
125
432 254
244 338
481 167
461 87
262 335
226 98
424 228
242 405
104 257
364 127
93 49
259 463
173 345
181 161
303 77
355 148
352 197
142 175
308 476
328 195
90 401
115 41
385 273
101 103
20 53
275 367
404 460
491 473
337 289
378 322
63 266
500 16
239 205
52 124
348 323
299 180
440 453
81 132
122 489
357 349
10 425
96 208
410 445
439 494
25 339
55 66
286 217
285 139
466 265
381 54
495 295
484 112
419 151
313 33
150 36
176 370
155 306
28 363
78 74
157 17
26 99
492 174
287 223
269 282
360 80
31 141
91 138
444 309
400 88
137 154
238 191
32 391
332 301
408 224
209 4
283 342
437 387
456 220
441 207
188 187
128 147
435 496
192 120
451 413
56 344
70 43
365 302
417 11
403 296
169 420
362 469
290 253
97 475
37 219
15 199
334 136
433 252
368 5
13 48
24 51
232 248
47 1
164 415
379 399
416 247
395 179
450 213
274 113
443 487
126 221
276 23
307 402
222 79
202 383
330 294
397 320
153 7
292 35
116 250
333 455
39 117
256 263
482 452
392 234
184 46