500 1020
113 262
330 94
159 259
248 134
471 329
242 154
238 165
256 354
413 181
353 322
136 241
169 121
316 56
494 138
59 434
158 62
491 424
448 72
447 448
447 103
473 124
37 211
37 449
243 480
473 480
243 237
479 480
479 237
79 239
36 243
36 480
166 36
79 124
166 243
478 36
478 166
194 237
477 478
477 166
64 36
194 243
64 478
176 64
176 477
124 480
95 478
95 64
476 478
124 131
476 176
475 243
475 477
131 475
239 479
239 166
474 480
131 237
474 243
80 214
80 487
153 195
153 13
226 161
226 41
233 153
233 493
157 268
442 216
39 86
467 131
429 443
428 436
428 445
468 207
427 435
427 150
426 428
468 124
426 127
186 426
186 150
469 472
425 427
425 444
158 430
469 79
158 37
227 191
227 436
470 207
424 211
424 443
423 440
470 79
423 444
244 227
244 441
471 239
44 425
44 440
170 430
471 473
170 446
105 188
105 446
248 472
422 7
422 186
421 186
248 95
421 431
451 439
451 441
207 472
450 447
450 170
449 429
207 239
449 447
202 433
202 211
472 479
60 44
60 188
448 37
472 477
191 445
208 124
191 447
46 445
46 150
462 470
442 443
442 444
441 444
462 22
441 445
440 447
440 46
463 466
439 445
439 46
438 444
463 79
438 445
211 443
211 191
464 243
72 438
72 191
188 150
464 194
188 46
437 441
437 446
465 474
436 191
436 447
7 439
465 473
7 150
435 445
435 446
22 124
127 440
127 150
434 445
22 475
434 46
433 439
433 437
466 239
103 443
103 191
432 446
466 469
432 188
431 445
431 432
467 207
430 127
430 433
429 440
407 147
458 462
407 411
406 414
406 61
459 194
1 69
1 409
200 76
459 473
200 168
405 69
405 418
4 476
224 406
224 61
404 407
4 464
404 405
403 61
403 200
24 237
172 210
172 403
402 198
24 124
402 204
173 172
173 407
460 207
401 412
401 198
400 404
460 22
400 418
155 200
155 47
112 166
420 200
420 403
69 155
112 463
69 173
150 447
150 37
461 475
446 447
446 37
445 37
461 207
445 150
444 447
444 150
208 464
443 150
443 37
63 55
453 132
63 420
415 47
415 420
217 454
414 63
414 55
118 420
217 474
118 69
76 196
76 17
454 4
61 415
61 63
5 61
454 112
5 420
413 5
413 420
132 463
412 420
412 63
198 61
132 124
198 69
147 417
147 61
455 4
411 415
411 412
210 5
455 472
210 412
223 141
223 412
456 237
88 55
88 147
410 118
456 465
410 419
168 414
168 412
457 470
409 55
409 61
164 168
457 4
164 410
408 420
408 5
458 64
167 223
167 5
399 387
122 386
497 233
122 378
179 12
179 119
228 233
398 393
398 373
162 143
228 499
162 385
397 385
397 18
498 499
65 197
65 387
396 65
498 226
396 163
395 96
395 399
499 226
204 69
204 420
141 420
499 233
141 69
419 204
419 420
480 467
418 419
418 69
196 420
480 464
196 419
55 196
55 420
237 474
417 69
417 196
47 141
237 64
47 55
149 204
149 196
452 470
242 204
242 141
17 141
452 458
17 419
416 204
416 149
453 217
165 416
165 418
157 197
384 128
116 496
384 392
216 388
216 384
496 146
383 232
383 12
382 12
496 497
382 387
381 396
381 197
161 125
380 197
380 382
119 384
161 498
119 394
85 389
85 380
125 226
379 388
379 394
73 391
125 497
73 12
39 386
39 383
41 126
378 379
378 388
377 232
41 497
377 85
96 221
96 379
146 233
181 143
181 383
142 377
146 126
142 73
376 384
376 386
126 228
375 85
375 119
374 396
126 233
374 386
373 395
373 143
497 228
399 381
372 219
394 395
199 146
394 396
393 395
393 394
494 228
180 396
180 394
392 394
494 160
392 393
163 392
163 393
16 495
391 394
391 163
18 163
16 226
18 180
390 393
390 395
45 146
389 180
389 163
388 180
45 497
388 389
128 394
128 163
40 125
143 388
143 394
387 394
40 498
387 390
386 390
386 128
495 498
133 393
133 387
197 143
495 496
197 395
385 133
385 163
160 226
232 143
232 390
12 389
160 161
12 128
221 128
221 389
116 161
157 18
305 174
305 31
304 104
333 245
304 305
303 53
303 246
334 120
325 307
325 31
500 41
129 49
334 336
129 307
225 6
225 9
193 21
342 6
342 225
114 342
193 75
114 9
341 342
500 16
341 6
245 335
93 341
93 225
340 93
245 120
340 225
120 93
120 342
335 75
68 342
68 340
156 495
339 341
335 120
339 225
21 339
21 342
336 93
338 114
338 9
337 340
336 68
337 9
54 9
156 171
54 21
75 9
27 339
27 54
75 114
214 40
346 219
140 77
140 358
214 13
372 77
130 129
130 33
316 98
113 190
316 151
315 104
315 2
175 6
314 323
314 31
26 195
215 98
175 193
215 129
313 31
313 14
331 341
312 58
312 319
235 321
331 333
235 129
311 130
26 40
311 318
67 190
310 320
310 130
247 129
67 337
247 215
309 317
309 314
332 225
74 151
74 130
107 160
236 314
332 190
236 321
49 311
49 74
190 342
84 19
84 314
308 130
190 225
308 215
182 19
107 228
182 312
71 334
307 14
307 130
306 324
71 114
306 317
43 206
43 53
333 341
327 175
53 129
53 104
19 129
327 331
19 53
98 19
482 233
98 325
97 225
58 98
58 14
174 206
97 334
174 129
246 58
246 174
328 339
324 206
324 14
481 41
2 98
328 27
2 19
323 129
323 53
241 338
86 174
86 98
94 58
241 67
94 324
33 174
481 493
33 206
329 342
151 33
151 98
322 325
329 67
322 174
169 129
169 58
23 75
321 19
321 325
195 16
320 53
23 93
320 58
319 98
319 174
330 120
318 33
318 320
317 151
330 175
317 14
31 53
195 498
31 246
113 175
279 291
234 332
278 282
278 286
13 486
137 287
234 21
137 286
203 278
203 288
345 54
240 137
240 281
277 32
345 335
277 292
276 218
13 45
276 293
25 337
20 285
20 278
50 288
25 70
50 285
302 82
302 249
51 9
38 276
38 291
483 148
66 82
51 335
66 281
301 284
301 82
70 333
300 290
300 66
299 185
70 340
299 285
298 289
483 171
298 100
326 225
297 283
297 290
100 302
326 120
100 249
108 289
108 218
229 175
14 325
14 129
482 146
104 14
229 225
104 129
206 14
206 129
289 291
6 193
288 293
288 292
287 295
6 93
287 291
209 293
209 108
192 343
218 289
218 209
8 226
286 290
192 229
286 291
285 291
285 185
343 71
284 287
284 294
283 291
343 89
283 288
159 293
8 41
159 291
344 326
134 293
134 295
282 100
344 67
282 185
32 284
32 100
89 9
30 286
30 282
484 499
249 294
89 340
249 288
123 290
123 178
231 27
238 283
238 30
281 288
231 334
281 82
280 283
484 230
280 123
212 245
56 292
56 291
62 285
212 54
62 296
279 280
83 220
368 369
138 83
138 257
59 274
368 371
59 213
28 269
171 487
28 264
87 370
144 265
144 253
252 258
87 371
252 260
57 271
57 255
369 371
251 83
251 264
486 125
183 28
369 140
183 83
275 222
275 267
370 372
3 213
3 258
296 100
370 177
296 108
295 296
486 116
295 108
177 371
178 100
178 296
294 100
177 372
294 296
82 294
82 296
371 372
293 295
293 108
485 499
292 294
371 140
292 100
291 292
291 293
9 234
185 296
185 108
290 292
9 23
290 178
289 290
485 486
264 109
264 273
364 369
263 52
263 102
488 161
220 266
364 367
220 269
262 275
262 266
365 117
261 274
261 102
99 109
365 145
99 220
135 273
488 495
135 265
117 145
260 139
260 264
10 222
117 372
10 34
259 275
259 272
366 87
258 220
258 263
487 116
154 275
366 369
154 15
257 3
257 261
145 92
256 102
256 135
189 222
145 371
189 10
110 272
487 492
110 15
367 140
255 34
255 110
254 10
367 368
254 189
121 257
121 189
92 372
213 269
213 254
171 40
253 269
92 368
253 275
83 99
489 250
187 87
187 117
274 3
274 275
360 366
109 3
109 274
152 160
201 3
360 368
201 275
102 274
102 201
11 366
273 102
273 201
272 201
11 364
272 275
271 3
152 148
271 274
35 367
52 3
52 201
222 272
35 117
222 109
270 201
270 272
361 365
139 3
139 201
90 29
269 102
361 87
269 272
268 270
268 271
362 140
34 275
34 269
267 201
362 366
267 139
266 222
90 233
266 201
363 369
265 270
265 267
15 271
363 367
15 275
205 145
205 177
250 492
78 140
78 364
357 365
230 250
357 360
358 87
358 145
230 148
184 371
184 365
359 366
489 29
359 140
77 145
77 363
347 48
111 87
111 370
199 45
346 358
493 199
347 81
348 357
348 356
493 497
48 359
101 184
91 358
29 126
91 352
48 11
349 363
492 161
349 370
81 360
81 187
29 116
101 35
351 361
115 11
115 361
492 45
350 359
350 77
219 361
491 116
352 42
352 87
351 78
491 496
106 369
106 362
136 361
490 160
136 106
219 42
355 361
354 355
148 490
354 370
353 184
353 35
490 493
250 45
42 361
356 205
356 364
148 160
355 205
42 11
125
49 118
63 83
95 264
272 384
475 171
112 356
433 460
67 246
458 125
43 134
86 494
299 346
30 461
285 130
428 29
123 53
1 378
59 222
44 393
341 186
413 100
152 366
492 497
51 158
101 37
349 177
362 13
196 213
401 482
210 436
261 64
455 183
421 214
457 425
456 28
124 406
321 297
251 103
303 167
423 115
369 446
190 21
462 151
489 35
60 459
119 414
229 275
54 212
147 373
187 470
338 328
105 172
427 108
201 269
148 358
154 122
311 340
113 133
33 493
417 136
41 26
315 478
471 407
468 394
57 31
464 442
331 166
250 8
39 15
70 111
336 173
265 89
219 409
55 218
445 19
361 91
399 205
10 467
184 481
343 364
242 77
386 62
58 288
137 466
74 81
200 165
6 220
258 380
162 73
217 244
424 391
283 434
216 202
188 332
209 181
231 38
46 305
157 197
377 34
326 97
18 271
449 483
252 351
117 335
291 290
170 80
236 193
370 20
488 279
203 322
382 443
128 98
325 195
463 14
9 491
476 310
25 243
253 56
312 232
383 430
224 333
374 308
257 309
320 404
110 314