500 1020
206 264
76 323
289 259
28 75
468 335
421 258
286 418
177 5
415 174
357 16
30 54
176 256
115 141
491 255
254 437
432 239
487 249
160 128
59 160
59 26
156 233
13 442
13 453
476 51
156 51
476 477
475 51
475 477
8 471
169 476
169 51
474 169
8 233
474 476
122 169
122 474
95 477
129 122
129 474
102 169
95 476
102 122
29 102
29 129
233 51
473 122
473 102
472 122
233 470
472 29
121 476
121 129
470 121
471 475
471 474
50 51
470 477
50 476
105 117
105 483
500 478
500 480
499 495
499 241
498 500
498 489
14 270
210 385
380 324
37 470
242 446
436 440
436 448
466 469
435 438
435 450
434 436
466 233
434 207
61 434
61 450
467 114
433 435
433 447
432 148
467 8
432 13
431 24
431 440
47 469
249 442
249 446
430 32
47 8
430 447
429 431
429 445
468 471
428 433
428 32
35 148
468 156
35 449
130 441
130 449
28 114
201 439
201 61
110 61
28 473
110 175
455 444
455 445
469 114
454 59
454 35
453 242
469 471
453 59
452 107
452 442
114 475
451 428
451 441
160 13
114 129
24 448
224 233
24 59
123 448
123 450
463 47
210 446
210 447
445 447
463 465
445 448
32 59
32 123
464 41
444 448
444 123
443 447
464 8
443 448
442 446
442 24
180 476
128 443
128 24
441 450
180 95
441 123
204 445
204 449
133 50
440 24
440 59
439 444
133 156
439 450
438 448
438 449
465 233
207 32
207 450
437 448
465 121
437 123
107 444
107 204
41 471
26 446
26 24
202 449
41 467
202 441
175 448
175 202
37 469
148 207
148 107
242 32
409 205
60 463
409 414
408 232
408 416
74 95
228 426
228 411
92 417
74 156
92 43
27 426
27 91
461 472
407 408
407 416
406 409
461 180
406 27
6 416
6 92
246 477
405 31
405 6
404 2
246 233
404 33
403 405
403 409
462 469
402 208
402 2
39 406
462 465
39 91
401 92
401 195
58 474
427 92
427 6
426 401
58 464
426 403
450 59
450 13
94 121
449 59
449 13
448 13
94 469
448 450
447 59
447 450
224 180
446 450
446 13
120 422
87 244
120 427
159 195
159 427
457 458
232 120
232 422
171 427
457 50
171 426
417 423
417 420
458 461
416 159
416 120
68 416
458 58
68 427
415 68
415 427
244 464
208 427
208 120
2 416
244 233
2 426
205 143
205 416
459 461
414 159
414 208
31 68
459 114
31 208
413 425
413 208
82 477
144 422
144 205
412 171
82 133
412 424
43 232
43 208
460 47
411 422
411 416
226 43
460 461
226 412
410 427
410 68
60 102
135 413
135 68
203 245
400 53
38 498
400 379
399 386
399 382
496 498
398 394
398 376
397 118
496 46
397 387
19 387
19 391
497 46
396 388
396 245
395 396
497 499
395 52
93 158
93 203
46 499
33 426
33 427
425 427
46 498
425 426
424 33
424 427
51 37
91 424
91 426
423 427
51 180
423 424
422 423
422 427
477 50
143 426
143 423
195 425
477 102
195 422
189 33
189 423
456 47
421 33
421 425
420 425
456 60
420 424
419 33
419 189
87 457
418 419
418 91
14 388
98 194
494 153
98 55
385 390
385 98
153 181
384 73
384 386
383 386
153 38
383 245
11 395
11 388
495 66
221 388
221 383
382 98
495 497
382 170
45 136
45 221
66 499
381 390
381 170
80 392
66 38
80 386
380 53
380 384
241 216
379 381
379 390
378 73
241 38
378 45
158 220
158 381
181 498
174 118
174 384
7 378
181 216
7 80
100 98
100 53
216 496
377 45
377 382
99 395
216 498
99 53
376 93
376 118
38 496
203 11
375 355
170 93
490 181
170 395
394 93
394 170
491 496
393 395
393 170
55 170
491 150
55 394
52 55
52 394
492 219
392 170
392 52
391 52
492 499
391 393
196 394
196 93
493 181
136 393
136 52
390 393
493 38
390 136
194 170
194 52
65 66
118 390
118 170
245 170
65 497
245 196
53 196
53 194
219 497
389 394
389 245
388 118
219 153
388 93
387 389
387 52
150 499
73 118
73 196
386 136
150 495
386 194
220 194
220 136
494 495
14 391
305 326
305 318
304 328
190 157
304 305
137 17
137 184
44 167
330 307
330 318
63 241
329 310
44 338
329 307
235 145
235 342
152 151
341 145
341 235
149 341
152 339
149 342
162 341
63 492
162 145
157 67
138 162
138 235
240 138
157 167
240 235
167 138
167 341
67 339
340 341
340 240
4 219
132 162
67 167
132 235
151 132
151 341
338 138
197 149
197 342
166 240
338 340
166 342
69 342
4 482
69 151
339 342
71 132
71 69
339 149
117 65
236 355
116 364
116 192
117 480
375 364
154 329
154 186
115 327
206 250
115 322
187 328
187 97
72 145
125 124
125 318
81 478
9 327
72 152
9 329
126 318
126 21
336 162
317 79
317 320
231 321
336 190
231 329
316 154
81 65
316 319
109 250
315 155
315 154
314 329
109 166
314 9
313 199
313 125
337 235
312 322
312 154
25 150
311 125
337 250
311 321
310 316
310 312
250 341
222 215
222 125
309 154
250 235
309 9
308 215
25 496
308 317
146 44
307 21
307 154
306 325
146 149
306 199
88 185
88 17
190 162
89 72
17 329
17 328
215 329
89 336
215 17
327 215
83 498
327 330
34 235
79 327
79 21
326 185
34 44
326 329
184 79
184 326
334 132
325 185
325 21
479 241
97 327
334 71
97 215
124 329
124 17
54 197
324 326
324 327
323 79
54 109
323 325
186 326
479 489
186 185
335 341
322 186
322 327
16 330
335 109
16 326
176 329
176 79
147 339
321 215
321 330
478 492
155 17
147 138
155 79
320 327
320 326
76 167
319 186
319 155
199 322
76 72
199 21
318 17
478 497
318 184
206 72
223 211
103 337
283 288
283 179
480 90
36 292
103 151
36 179
282 283
282 70
347 69
281 36
281 285
280 287
347 67
280 294
279 291
480 493
279 295
101 166
142 290
142 283
303 70
101 331
303 290
302 165
302 62
168 342
301 279
301 211
131 209
1 165
168 67
1 285
213 84
213 165
331 190
300 293
300 1
140 234
331 240
140 290
299 127
131 482
299 298
332 235
49 212
49 293
298 302
332 167
298 62
297 127
297 291
333 72
21 330
21 329
83 181
328 21
333 235
328 329
185 21
185 329
127 211
145 152
70 295
70 294
292 164
145 138
292 211
111 295
111 297
108 96
291 127
291 111
481 499
179 293
108 333
179 211
290 211
290 234
96 146
84 292
84 77
212 211
96 344
212 70
289 295
481 241
289 211
343 332
75 295
75 164
288 298
343 109
288 234
287 84
287 298
344 342
182 179
182 288
163 46
62 77
344 240
62 70
86 293
86 113
345 71
286 212
286 182
285 70
345 44
285 165
284 212
163 78
284 86
346 157
141 294
141 211
239 290
346 69
239 296
223 284
56 265
372 373
255 56
255 229
254 218
372 248
254 227
253 271
482 483
253 267
106 374
191 139
191 230
3 237
106 248
3 48
252 273
252 257
373 248
188 56
188 267
90 66
251 253
373 116
251 56
278 18
278 268
374 375
277 227
277 237
296 298
374 247
296 297
164 296
90 494
164 297
247 248
113 298
113 296
77 298
247 375
77 296
165 77
165 296
248 375
295 164
295 297
193 46
294 77
248 116
294 298
211 294
211 295
342 103
234 296
234 297
293 294
342 147
293 113
127 293
193 90
267 243
267 275
368 373
266 119
266 23
484 495
265 225
368 371
265 271
264 278
264 225
369 370
263 218
263 23
262 243
369 178
262 265
261 275
484 219
261 139
370 178
48 272
48 267
260 18
370 375
260 269
259 278
259 274
217 106
237 265
237 266
483 494
258 278
217 373
258 214
229 277
229 263
178 104
177 23
177 261
85 18
178 248
85 260
172 274
483 488
172 214
371 116
257 269
257 172
112 260
371 372
112 85
256 229
256 85
104 375
227 271
227 112
482 65
230 271
104 372
230 278
56 262
486 40
134 106
134 370
218 277
218 278
238 217
243 277
243 218
64 150
276 277
238 372
276 278
23 218
23 276
365 217
275 23
275 276
274 276
365 368
274 278
273 277
64 209
273 218
366 371
119 277
119 276
18 274
366 370
18 243
173 276
173 274
161 369
272 277
272 276
485 22
271 23
161 106
271 274
270 173
270 273
367 116
269 278
269 271
268 276
367 217
268 272
225 18
485 498
225 276
57 373
139 173
139 268
214 273
57 371
214 278
183 178
183 247
40 488
360 116
360 368
361 369
78 40
361 238
192 106
192 178
78 209
362 248
362 369
363 217
486 22
363 116
364 178
364 57
348 42
200 106
200 374
490 493
236 192
489 490
348 351
20 361
20 358
489 38
42 363
350 362
349 192
22 216
349 354
42 365
198 57
488 495
198 374
351 238
351 134
22 494
350 366
353 161
352 365
352 161
488 493
15 363
15 364
355 161
487 494
354 359
354 106
353 360
487 153
356 373
356 367
30 161
12 150
30 356
355 359
10 161
5 10
209 12
5 374
357 362
357 366
12 489
40 493
359 161
358 183
358 368
209 150
10 183
359 365
125
489 59
116 379
422 292
264 391
266 21
288 86
171 45
126 145
137 449
464 90
473 41
331 498
233 309
16 124
382 244
217 363
273 405
358 466
10 285
340 26
272 438
35 196
452 40
188 423
333 446
337 261
257 454
402 73
445 143
488 57
33 259
75 413
179 7
229 289
291 194
256 290
128 353
390 237
252 345
258 122
448 20
459 461
175 247
460 174
369 64
407 138
249 156
226 250
253 191
134 315
231 435
51 283
280 384
451 419
236 82
442 204
113 161
61 168
31 373
184 22
269 453
339 366
401 389
398 302
310 378
412 372
481 404
100 29
365 121
471 299
436 189
77 359
94 420
38 139
395 6
224 403
81 307
125 117
136 131
185 326
214 406
265 146
123 60
17 106
377 314
330 200
386 28
36 178
447 198
478 69
70 167
428 23
496 487
462 12
177 102
243 385
8 495
129 281
98 271
437 101
218 408
160 216
140 25
485 133
18 400
114 96
387 415
49 2
287 208
433 375
242 349
296 450
27 154
153 263
221 32
71 321
181 1
141 173
500 13
305 68
164 320
240 152
410 111
318 195
239 432