500 1020
154 266
339 327
151 261
111 106
100 125
78 190
70 128
138 365
120 79
364 325
363 36
39 206
220 284
91 254
240 200
64 283
230 428
448 155
1 448
1 436
197 105
115 117
115 450
74 485
197 485
74 145
484 485
484 145
475 139
207 74
207 485
483 207
475 105
483 74
112 207
112 483
476 145
482 112
482 483
481 207
476 74
481 112
480 481
480 482
105 485
479 112
479 481
149 112
105 477
149 480
478 74
478 482
477 478
139 484
139 483
92 485
477 145
92 74
83 51
83 88
232 486
232 212
153 187
153 192
122 232
122 123
390 95
442 18
143 328
247 477
433 445
432 226
432 446
470 473
57 86
57 447
431 432
470 105
431 229
430 431
430 447
471 474
429 57
429 30
64 434
471 475
64 115
47 444
47 226
472 473
428 117
428 445
75 235
472 475
75 30
427 47
427 441
100 139
127 429
127 235
21 434
100 197
21 90
174 439
174 90
111 474
218 109
218 430
426 430
111 479
426 141
452 440
452 441
473 474
451 1
451 21
450 433
473 139
450 1
449 437
449 117
474 484
80 127
80 439
448 115
474 482
444 446
464 105
444 1
443 446
443 447
465 472
442 445
442 30
441 30
465 228
441 446
235 1
235 443
466 469
440 446
440 443
28 30
466 475
28 446
117 445
117 444
467 74
155 28
155 444
439 447
467 476
439 443
438 441
438 90
468 92
226 444
226 1
109 440
468 197
109 447
86 446
86 90
228 105
229 235
229 447
200 446
228 478
200 443
437 440
437 438
469 139
436 445
436 444
435 90
469 471
435 439
141 446
141 435
247 473
434 229
434 437
433 235
82 38
459 465
82 71
180 114
180 236
460 476
41 425
41 414
412 419
460 197
412 415
411 425
411 10
461 149
241 180
241 236
410 82
461 467
410 411
409 236
409 412
462 145
66 146
66 409
408 417
462 105
408 23
407 66
407 82
20 473
406 130
406 417
405 410
20 228
405 10
76 412
76 248
463 483
185 412
185 409
425 76
463 466
425 407
447 1
447 115
116 478
90 1
90 115
446 115
116 473
446 447
30 1
30 447
464 467
445 447
445 115
203 422
60 456
203 185
420 248
420 185
454 455
114 203
114 422
107 185
454 92
107 425
419 34
419 188
455 461
236 420
236 203
418 236
455 463
418 185
120 418
120 185
456 466
130 185
130 203
417 236
456 105
417 425
38 421
38 236
22 461
71 420
71 130
146 418
22 474
146 130
416 424
416 130
457 145
223 422
223 38
118 107
457 468
118 423
415 114
415 130
458 472
414 422
414 236
413 415
458 461
413 118
184 185
184 418
459 481
113 416
113 418
404 214
6 392
238 122
6 194
11 391
11 7
499 122
62 400
62 384
403 393
499 144
403 65
94 65
94 396
175 144
402 140
402 214
401 402
175 153
401 398
217 386
217 404
144 153
23 425
23 185
424 185
144 122
424 425
423 23
423 185
485 247
10 423
10 425
34 185
485 467
34 423
422 34
422 185
145 92
421 425
421 34
248 424
145 481
248 422
24 23
24 34
453 472
78 23
78 424
188 424
453 459
188 423
186 23
186 24
60 454
128 186
128 10
390 140
389 394
29 211
389 103
18 172
18 389
211 497
388 176
388 391
4 391
211 238
4 214
134 401
134 140
187 152
210 140
210 4
7 389
187 175
7 8
99 35
99 210
152 153
387 172
387 8
179 397
152 238
179 391
143 392
143 388
192 498
194 387
194 172
156 176
192 238
156 99
386 224
386 387
497 122
79 393
79 388
98 156
497 498
98 179
137 389
137 392
498 499
14 99
14 7
385 401
498 122
385 392
384 217
384 393
238 499
404 134
383 362
8 217
17 497
8 401
400 217
400 8
91 499
399 401
399 8
103 8
91 164
103 400
398 103
398 400
219 81
397 8
397 398
396 398
219 153
396 399
395 400
395 217
496 497
35 399
35 398
172 399
496 238
172 35
394 8
394 398
55 152
393 172
393 8
214 8
55 175
214 395
392 395
392 394
81 175
150 400
150 214
140 393
81 211
140 217
65 150
65 398
164 153
176 393
176 395
391 35
164 187
391 394
224 394
224 35
29 187
390 396
311 49
311 225
160 101
50 53
160 311
310 12
310 330
343 209
332 313
332 225
500 192
16 314
343 344
16 313
43 353
43 13
73 349
352 353
352 43
351 352
73 345
351 13
40 352
500 219
40 353
53 121
350 40
350 43
234 350
53 209
234 43
209 350
209 352
121 345
173 352
173 234
205 81
233 40
121 209
233 43
349 233
349 352
344 350
348 351
348 13
347 234
344 173
347 13
346 13
205 491
346 349
345 13
102 233
102 346
345 351
51 55
25 362
61 374
61 87
51 212
383 374
322 16
322 326
220 162
154 147
220 157
216 101
216 191
37 353
85 329
85 225
244 486
163 162
37 73
163 16
321 225
321 33
340 40
169 136
169 181
320 324
340 50
320 16
319 322
244 55
319 196
341 147
318 178
318 322
317 16
341 347
317 163
316 323
316 85
9 43
315 157
315 322
202 164
48 85
9 147
48 324
314 319
314 315
147 352
204 331
204 85
56 322
147 43
56 163
132 331
202 499
132 169
342 343
313 33
313 322
312 148
342 351
312 323
110 126
110 12
50 40
336 37
12 16
12 101
331 16
336 340
331 12
162 331
488 122
162 332
337 43
136 162
136 33
49 126
337 343
49 16
330 136
330 49
93 233
148 126
148 33
487 192
191 162
93 102
191 331
329 16
329 12
36 348
328 49
328 162
327 136
36 341
327 148
326 49
487 123
326 126
125 352
157 326
157 162
325 332
125 341
325 49
39 16
39 136
338 345
324 331
324 332
486 219
178 12
338 350
178 136
181 162
181 49
339 209
196 326
196 178
323 157
339 37
323 33
225 12
486 175
225 330
154 37
182 296
237 9
5 27
5 290
212 142
119 293
237 349
119 290
282 5
282 294
357 346
281 119
281 242
280 189
357 121
280 297
279 291
212 496
279 104
333 347
278 129
278 5
309 294
333 222
309 129
308 298
308 287
334 13
307 279
307 296
58 494
306 298
334 121
306 242
305 289
305 298
222 50
304 243
304 306
303 295
222 234
303 129
302 31
58 491
302 301
239 43
77 288
77 243
301 308
239 209
301 287
32 31
32 291
335 37
33 332
33 16
488 497
101 33
335 43
101 16
126 33
126 16
31 296
353 73
294 104
294 297
293 97
353 350
293 296
292 104
292 32
354 177
291 31
291 292
489 153
290 243
354 335
290 296
129 296
129 295
177 342
289 293
289 299
288 296
177 68
288 294
151 104
489 192
151 296
355 239
106 104
106 97
27 301
355 341
27 295
189 289
189 301
68 13
45 290
45 27
246 144
287 299
68 234
287 294
286 243
286 96
52 102
70 288
70 45
242 294
52 343
242 298
285 288
246 26
285 286
356 53
284 297
284 296
283 129
356 346
283 300
182 285
255 267
199 167
254 255
254 259
240 69
199 72
240 63
253 270
491 88
253 268
158 382
215 269
215 44
213 260
158 72
213 263
46 273
46 257
167 72
252 255
252 268
142 152
251 253
167 61
251 255
277 272
277 221
382 383
3 63
3 260
300 301
382 249
300 32
97 300
142 29
97 32
249 72
96 301
96 300
299 301
249 383
299 300
298 299
298 300
72 383
104 97
104 32
490 144
297 299
72 61
297 301
296 297
296 104
13 237
295 300
295 32
243 297
13 338
243 96
31 243
490 142
268 276
268 274
379 167
59 133
59 275
492 187
267 165
379 381
267 270
266 277
266 165
380 227
265 69
265 275
264 276
380 170
264 267
198 274
492 81
198 269
227 170
263 271
263 268
262 272
227 383
262 231
261 277
261 168
166 158
260 267
260 59
88 29
190 277
166 167
190 195
259 3
259 265
170 131
138 275
138 198
258 272
170 72
258 262
245 168
88 54
245 195
381 61
257 231
257 245
256 262
381 199
256 258
206 259
206 258
131 383
63 270
63 256
491 55
44 270
131 199
44 277
255 264
15 2
375 158
375 227
69 3
69 277
19 166
276 3
276 69
493 164
89 3
19 199
89 277
275 69
275 89
376 166
274 275
274 89
168 89
376 379
168 277
273 3
493 494
273 69
171 381
133 3
133 89
272 168
171 227
272 276
208 89
208 168
377 380
271 3
271 89
161 495
270 275
377 158
270 168
95 208
95 273
42 61
231 277
231 270
221 89
42 166
221 271
165 272
161 122
165 89
378 167
269 208
269 221
195 273
378 381
195 277
369 170
369 249
2 54
370 61
370 379
371 380
26 2
371 19
87 158
87 170
26 494
372 72
372 380
373 166
15 495
373 61
374 170
374 378
124 359
135 158
135 382
17 496
25 87
123 17
124 159
358 371
358 367
123 238
359 373
84 372
250 87
495 498
250 183
359 376
67 378
54 187
67 382
159 19
159 375
495 29
84 171
108 377
361 376
361 377
54 496
360 373
360 374
362 377
230 29
183 368
183 158
108 370
230 211
193 167
193 42
363 377
201 164
363 193
362 368
366 377
365 366
494 201
365 382
364 372
364 171
201 123
2 496
368 377
367 369
367 379
494 164
366 369
368 376
125
232 150
319 170
199 432
498 313
175 397
394 367
480 271
255 141
469 363
123 300
378 351
398 427
222 277
81 464
352 25
98 125
79 275
438 27
279 99
305 265
493 248
466 249
45 65
55 155
143 425
356 257
180 434
254 40
63 444
365 385
185 29
251 47
488 453
54 139
75 360
158 9
435 437
441 353
336 190
462 296
2 337
201 61
489 44
100 366
14 258
195 220
357 188
76 270
104 71
428 299
491 6
459 60
153 253
156 328
216 51
203 178
142 157
414 168
46 377
402 30
347 147
476 24
225 126
411 105
95 290
72 176
202 314
482 235
284 409
59 12
43 231
412 380
456 34
401 57
392 136
4 118
293 393
421 371
165 448
379 113
187 38
162 436
381 102
348 112
163 321
193 8
171 333
39 294
310 56
374 10
413 364
58 197
370 233
212 134
133 417
189 477
131 256
297 239
107 154
36 97
341 117
473 207
262 445
146 388
128 93
237 49
23 442
26 129
82 287
317 424
174 492
474 304
88 96
215 92
494 205
135 196
309 324
406 384
478 312
288 405
80 66
349 140
73 343
467 62
386 420