500 1020
112 263
332 244
281 115
40 280
462 194
21 257
279 25
35 217
419 248
361 167
360 91
30 147
65 278
32 97
236 8
433 119
487 208
247 441
114 247
114 103
465 466
191 80
191 449
476 75
465 75
476 138
475 75
475 138
200 469
55 476
55 75
474 55
200 466
474 476
473 55
473 474
141 138
36 473
36 474
472 55
141 476
472 473
471 472
471 36
466 75
57 473
57 472
470 473
466 467
470 471
229 476
229 36
467 229
469 475
469 474
468 75
467 138
468 476
6 500
6 184
158 479
158 242
132 19
132 155
111 158
111 44
392 127
443 390
386 315
460 467
13 445
94 88
94 446
56 463
434 439
434 79
64 94
56 466
64 438
27 64
27 79
215 464
204 434
204 29
433 435
215 200
433 191
432 163
432 88
461 463
208 80
208 445
238 442
461 200
238 29
431 432
431 220
462 469
430 204
430 442
429 435
462 465
429 447
124 63
124 447
40 464
140 440
140 27
428 27
40 57
428 436
154 39
154 220
463 464
450 114
450 429
449 13
463 469
449 114
89 110
89 80
464 475
448 430
448 63
247 191
464 36
163 446
24 466
163 114
444 446
444 79
92 461
443 445
443 29
220 29
92 195
220 446
442 114
442 444
113 245
39 446
39 444
85 29
113 200
85 446
80 445
80 163
15 476
441 85
441 163
63 79
15 141
63 444
187 220
187 447
179 468
88 163
88 114
440 39
179 465
440 79
439 446
439 447
195 466
438 442
438 79
8 446
195 229
8 444
110 39
110 187
245 469
103 445
103 163
437 447
245 215
437 63
436 446
436 437
460 463
435 438
435 110
13 442
67 418
144 92
67 77
415 420
415 193
457 141
192 58
192 416
414 76
457 465
414 93
413 58
413 425
1 470
412 415
412 193
134 67
1 15
134 413
18 193
18 414
458 138
246 417
246 18
210 126
458 466
210 426
181 246
181 67
82 463
411 186
411 126
90 134
82 195
90 425
410 414
410 117
74 474
427 414
427 18
58 410
74 113
58 181
79 114
79 191
459 229
447 114
447 191
446 191
459 463
446 79
29 114
29 79
24 15
445 79
445 191
421 81
452 454
421 427
68 117
68 427
177 453
420 421
420 81
133 427
177 468
133 58
76 20
76 423
453 1
193 68
193 421
129 193
453 74
129 427
419 129
419 427
454 113
186 427
186 421
126 193
454 466
126 58
418 212
418 193
455 1
77 68
77 186
417 129
455 464
417 186
61 196
61 186
151 138
214 81
214 418
22 133
151 179
22 169
93 420
93 186
456 461
416 81
416 193
28 93
456 1
28 22
4 427
4 129
144 472
164 61
164 129
409 227
408 174
496 111
408 385
225 394
225 234
497 111
407 143
407 382
406 121
497 157
406 16
405 16
405 401
498 157
404 395
404 227
165 404
498 132
165 402
104 221
104 409
157 132
426 58
426 427
196 427
157 111
196 58
169 426
169 427
75 460
425 169
425 58
20 427
75 15
20 169
81 20
81 427
138 468
212 58
212 20
117 196
138 472
117 81
424 426
424 20
451 461
21 426
21 196
423 196
451 144
423 169
422 426
422 424
452 177
25 422
25 425
392 395
391 397
108 170
391 176
390 398
390 391
170 150
101 250
101 394
52 394
170 496
52 227
123 165
123 395
19 494
389 395
389 52
234 391
19 498
234 403
388 399
388 389
494 132
387 398
387 403
86 161
494 496
86 394
386 174
386 101
155 495
385 387
385 398
206 250
155 496
206 388
221 393
221 387
150 111
248 121
248 101
9 206
150 495
9 86
384 391
384 174
495 497
383 388
383 234
139 165
495 111
139 174
382 104
382 121
496 497
409 123
381 160
403 104
159 150
403 165
143 104
143 403
32 497
199 165
199 403
176 403
32 493
176 143
402 176
402 143
490 31
161 403
161 402
401 402
490 132
401 199
400 143
400 104
491 150
399 199
399 402
398 199
491 496
398 399
397 403
397 402
492 494
121 398
121 403
227 403
492 498
227 400
174 400
174 397
31 498
396 143
396 227
395 121
31 170
395 104
16 396
16 402
493 132
250 121
250 400
394 399
493 19
394 397
393 397
393 399
108 19
392 401
237 318
237 310
34 216
10 337
34 237
298 321
298 317
335 136
324 156
324 310
499 155
323 109
335 339
323 156
50 222
50 175
336 235
347 222
347 50
346 347
336 340
346 175
345 347
499 490
345 222
337 338
344 345
344 50
343 344
337 136
343 50
136 344
136 347
338 340
17 347
17 343
78 31
342 345
338 136
342 50
235 342
235 347
339 344
198 346
198 175
341 343
339 17
341 175
189 175
78 484
189 235
340 175
37 342
37 189
340 346
500 492
353 160
231 105
231 69
500 242
381 105
70 323
70 314
65 224
112 152
65 313
309 216
309 3
162 222
308 316
308 310
478 479
45 224
162 336
45 323
201 310
201 322
333 345
307 319
307 311
306 62
333 10
306 323
87 70
478 492
87 172
122 152
305 312
305 70
304 323
122 341
304 45
303 100
303 308
230 50
188 313
188 70
477 493
302 308
230 152
302 62
109 87
109 188
152 347
301 320
301 308
300 70
152 50
300 45
2 320
477 497
2 307
334 335
156 322
156 70
53 42
334 346
53 100
299 233
299 321
10 345
329 162
321 323
321 216
320 323
329 333
320 321
224 320
130 111
224 324
173 50
319 224
319 322
318 233
173 335
318 323
317 319
317 318
330 342
42 233
42 322
480 155
3 224
330 37
3 320
316 323
316 321
91 198
315 318
315 224
244 319
91 122
244 42
314 318
480 44
314 233
194 347
313 314
313 224
167 324
194 122
167 318
30 323
30 319
331 340
62 320
62 324
479 490
312 321
331 344
312 319
311 224
311 318
332 136
172 314
172 312
100 313
332 162
100 322
310 321
479 498
310 317
112 162
277 288
351 230
276 211
276 284
242 483
33 285
351 235
33 284
275 276
275 286
352 189
274 33
274 84
273 145
352 338
273 197
146 182
242 491
146 289
131 341
272 14
272 276
297 286
131 326
297 14
49 290
49 99
325 175
47 146
47 288
481 46
249 290
325 338
249 84
120 283
120 290
326 10
296 287
296 249
102 137
326 343
102 14
38 95
481 484
38 295
327 50
66 282
66 287
295 49
327 136
295 99
294 95
294 182
328 162
322 324
322 323
130 150
216 322
328 50
216 323
233 322
233 323
95 288
222 336
286 289
286 197
285 292
222 344
285 288
7 289
7 294
348 11
182 95
182 7
482 132
284 287
348 328
284 288
14 288
14 137
11 334
283 285
283 178
282 288
11 349
282 286
281 289
482 155
281 288
26 327
280 289
280 292
211 295
26 122
211 137
145 283
145 295
349 175
166 284
166 211
73 157
99 178
349 343
99 286
241 287
241 291
350 37
279 282
279 166
84 286
350 335
84 290
59 282
73 486
59 241
153 337
278 197
278 288
119 14
153 189
119 293
277 59
48 98
377 51
97 48
97 256
236 128
377 380
236 96
226 148
484 184
226 264
135 378
252 265
252 253
54 258
135 380
54 260
251 219
251 149
51 380
209 48
209 264
483 494
213 226
51 231
213 48
43 267
43 266
378 381
239 96
239 258
293 295
378 379
293 294
292 293
483 108
292 294
379 380
291 295
291 293
178 295
379 381
178 293
290 178
290 293
380 381
289 292
289 294
240 157
197 178
380 231
197 295
288 197
288 289
175 351
137 293
137 294
287 197
175 331
287 291
95 287
240 483
264 23
264 270
370 51
190 268
190 83
203 19
98 41
370 375
98 148
263 43
263 41
371 372
262 128
262 83
261 23
371 374
261 98
228 270
203 31
228 265
372 374
260 205
260 264
259 267
372 381
259 12
115 43
115 269
373 135
258 98
258 190
184 108
257 43
373 51
257 168
256 239
256 262
374 376
35 83
35 228
255 267
374 380
255 259
207 269
184 488
207 168
375 231
149 12
149 207
254 259
375 377
254 255
147 256
147 255
376 381
96 148
96 254
484 492
253 148
376 377
253 43
48 261
485 5
185 135
185 372
128 239
128 43
72 373
23 239
23 128
243 493
271 239
72 377
271 43
83 128
83 271
202 373
270 83
270 271
269 271
202 370
269 43
219 239
243 46
219 128
60 375
268 239
268 271
267 269
60 372
267 23
125 271
125 269
367 371
205 239
205 271
223 489
148 83
367 135
148 269
127 125
127 219
368 231
12 43
12 148
266 271
368 373
266 205
41 267
223 111
41 271
369 51
265 125
265 266
168 219
369 375
168 43
171 374
171 379
5 488
364 231
364 370
365 371
486 5
365 72
69 135
69 374
486 46
366 380
366 371
180 373
485 489
180 231
105 374
105 369
355 356
354 135
354 378
159 491
353 69
44 159
355 118
116 365
116 363
44 496
356 180
357 366
71 69
489 495
71 107
356 202
183 369
488 19
183 378
118 72
118 185
489 108
357 60
232 367
359 202
359 367
488 491
358 180
358 105
160 367
487 108
107 218
107 135
232 364
487 170
106 51
106 368
360 367
142 493
360 106
160 218
362 367
217 362
46 142
217 378
361 366
361 60
142 44
5 491
218 367
363 171
363 370
46 493
362 171
218 202
125
206 235
103 341
97 315
429 456
35 8
37 69
442 101
251 157
264 220
234 56
349 41
86 249
169 171
73 189
404 184
17 428
450 497
291 163
75 87
116 452
122 322
25 200
241 80
258 280
7 93
83 354
50 100
209 108
253 158
329 133
325 266
145 277
42 246
132 115
185 229
102 268
141 71
298 174
53 419
191 348
488 412
166 489
436 357
232 95
162 260
360 302
243 473
78 372
366 172
54 355
407 13
459 414
383 68
154 478
5 167
1 408
177 296
304 217
3 468
250 4
490 394
457 36
194 233
202 67
388 464
224 390
193 247
203 494
441 312
142 469
486 121
317 433
465 111
65 12
461 377
39 110
46 143
61 479
204 397
136 129
270 496
328 278
120 117
423 287
221 90
379 460
435 350
155 225
213 231
403 437
146 274
455 276
212 79
331 416
38 326
279 140
262 440
201 210
303 182
283 57
148 114
286 382
34 453
96 168
137 314
393 196
375 445
124 74
11 21
32 454
339 392
138 123
14 113
300 431
409 130
106 9
323 327
147 259
427 205
92 26
389 55
165 313
16 476
119 179
297 369