500 1020
332 9
331 1
215 260
74 280
109 24
416 133
88 413
258 175
14 137
357 207
70 329
89 257
122 277
238 188
254 437
430 276
124 429
447 440
65 447
65 435
464 467
446 441
446 448
476 200
464 200
476 477
127 200
127 477
465 469
249 476
249 200
475 249
465 467
475 476
474 249
474 475
466 477
222 474
222 475
473 249
466 476
473 474
472 473
472 222
467 200
34 474
34 473
471 474
467 468
471 472
470 476
470 222
468 470
469 127
469 475
231 200
468 477
231 476
498 500
498 484
497 151
497 480
209 162
209 119
18 497
18 489
77 265
443 385
31 317
459 468
25 132
178 237
178 445
211 462
27 439
27 61
57 178
211 467
57 438
432 57
432 61
460 463
431 27
431 444
430 433
460 465
430 446
92 229
92 237
461 462
429 441
429 132
428 442
461 465
428 444
201 92
201 69
109 469
202 431
202 442
220 433
109 464
220 45
427 144
427 45
74 463
196 23
196 432
426 432
74 34
426 6
450 67
450 69
462 463
449 65
449 220
448 25
462 469
448 65
195 436
195 441
463 127
38 202
38 144
447 446
463 222
229 445
456 467
229 65
218 445
218 61
246 461
443 132
443 444
69 444
246 457
69 445
442 65
442 218
81 458
67 445
67 218
11 444
81 465
11 445
441 132
441 229
17 476
440 11
440 229
144 61
17 466
144 218
44 69
44 45
147 231
237 229
237 65
23 67
147 464
23 61
439 445
439 45
457 467
438 442
438 61
437 445
457 470
437 218
436 67
436 44
458 469
435 132
435 229
434 45
458 460
434 144
6 445
6 434
459 462
433 438
433 436
25 442
404 179
236 246
404 97
117 244
117 409
232 466
403 424
403 113
230 46
232 464
230 138
100 424
100 420
103 471
402 117
402 409
112 404
103 17
112 100
142 409
142 230
454 477
212 160
212 142
401 407
454 467
401 423
114 212
114 404
106 462
240 408
240 407
400 112
106 457
400 420
399 230
399 198
102 475
425 230
425 142
424 399
102 81
424 114
61 65
61 446
455 470
45 65
45 446
445 446
455 462
445 61
444 65
444 61
456 17
132 61
132 446
412 419
22 247
412 425
411 198
411 425
155 451
244 412
244 419
410 425
155 231
410 424
46 243
46 415
451 103
409 411
409 412
148 409
451 102
148 425
14 148
14 425
247 81
408 425
408 412
407 409
247 467
407 424
179 418
179 409
452 103
97 411
97 408
160 148
452 463
160 408
173 422
173 408
453 477
406 419
406 179
223 410
453 147
223 421
138 244
138 408
91 461
113 419
113 409
165 138
91 103
165 223
192 425
192 148
236 473
405 173
405 148
98 104
32 134
53 18
32 380
398 180
398 36
29 18
79 90
79 16
397 30
29 496
397 189
396 189
396 390
52 496
221 19
221 104
395 221
52 209
395 392
235 170
235 98
496 209
423 424
423 425
422 425
496 18
422 424
421 423
421 425
200 459
420 421
420 424
243 425
200 17
243 421
419 243
419 425
477 231
418 424
418 243
198 422
477 473
198 419
417 423
417 243
13 461
416 423
416 422
415 422
13 236
415 421
414 423
414 417
22 155
413 414
413 420
77 19
386 131
116 493
386 393
385 388
385 386
493 495
7 387
7 180
384 180
493 53
384 104
182 395
182 19
162 494
383 19
383 384
36 386
162 52
36 394
382 139
382 383
494 209
381 388
381 394
60 391
494 53
60 180
31 134
31 7
119 37
380 381
380 388
379 387
119 53
379 382
170 86
170 381
495 18
137 30
137 7
225 379
495 37
225 60
239 386
239 134
37 29
378 382
378 36
43 395
37 18
43 134
16 235
16 30
53 29
98 182
15 356
394 235
490 495
394 395
90 235
90 394
238 29
145 395
145 394
393 394
238 28
393 90
392 393
392 90
87 250
391 394
391 392
390 392
87 209
390 145
389 90
389 235
491 495
139 145
139 392
388 145
491 53
388 139
131 394
131 392
492 494
30 388
30 394
104 394
492 52
104 389
134 389
134 131
250 52
95 90
95 104
19 30
250 493
19 235
189 95
189 392
28 209
387 30
387 389
180 139
28 162
180 131
86 131
86 139
116 162
77 390
300 111
300 313
82 120
334 336
82 300
299 321
299 318
335 341
325 302
325 313
125 119
324 305
335 78
324 302
130 346
130 185
190 339
345 346
345 130
344 345
190 338
344 185
48 345
125 87
48 346
336 337
343 48
343 130
342 343
336 341
342 130
341 343
341 345
337 338
146 345
146 342
499 250
340 48
337 341
340 130
339 340
339 345
78 343
191 344
191 185
115 342
78 146
115 185
158 185
499 483
158 339
338 185
33 340
33 158
338 344
500 492
351 356
377 363
377 94
500 480
15 363
312 324
312 316
122 319
332 333
122 136
76 120
76 217
2 346
311 41
311 313
83 151
310 319
2 190
310 324
51 313
51 323
21 48
309 63
309 314
308 126
21 334
308 324
121 312
83 492
121 193
234 333
307 315
307 312
306 324
234 115
306 310
169 4
169 311
39 130
164 136
164 312
478 28
26 311
39 333
26 126
305 121
305 164
333 345
55 320
55 311
304 312
333 130
304 310
303 320
478 29
303 309
135 335
302 323
302 312
301 62
135 344
301 4
166 322
166 321
334 48
172 2
321 324
321 120
320 324
172 21
320 321
319 320
479 18
319 325
105 130
63 319
63 323
111 322
105 335
111 324
318 63
318 111
328 340
62 322
62 323
224 119
217 319
328 33
217 320
41 324
41 321
329 191
317 111
317 319
1 63
329 234
1 62
316 111
224 489
316 322
24 345
136 316
136 319
207 325
24 234
207 111
89 324
89 63
330 338
126 320
126 325
151 87
315 321
330 343
315 63
314 319
314 111
331 341
193 316
193 315
4 136
331 2
4 323
313 321
151 52
313 318
332 2
275 184
349 39
274 279
274 284
480 482
233 287
349 339
233 284
273 274
273 288
350 158
227 233
227 73
272 278
350 337
272 291
271 285
480 491
271 292
84 115
205 283
205 274
47 288
84 123
47 283
298 35
298 101
149 185
72 271
72 184
213 487
297 35
149 337
297 73
199 282
199 35
123 334
296 290
296 297
68 156
123 342
68 283
56 289
213 483
56 295
326 130
118 281
118 290
295 298
326 341
295 101
294 289
294 285
327 2
323 325
323 324
479 495
120 323
327 130
120 324
322 323
322 324
289 184
346 190
288 292
288 291
287 174
346 343
287 184
286 292
286 294
194 163
285 289
285 286
481 209
284 290
194 327
284 184
283 184
283 156
163 135
282 287
282 293
281 184
163 347
281 288
215 292
481 119
215 184
108 326
280 292
280 174
279 295
108 234
279 156
278 282
278 295
347 185
5 284
5 279
107 496
101 293
347 342
101 288
150 290
150 176
140 33
88 281
88 5
73 288
140 335
73 35
152 281
107 486
152 150
348 336
277 291
277 184
276 283
348 158
276 208
275 152
255 129
183 375
188 255
188 259
254 269
183 376
254 256
203 154
483 484
203 54
374 96
253 264
253 75
159 241
374 376
159 8
252 266
252 99
375 376
40 255
40 54
482 494
251 203
375 377
251 255
153 64
153 216
96 15
270 256
270 241
208 295
96 50
208 294
174 208
482 116
174 294
50 376
176 295
176 208
293 295
50 15
293 208
35 293
35 208
376 15
292 174
292 294
20 496
291 293
376 377
291 295
184 291
184 292
185 349
156 208
156 294
290 291
185 330
290 176
289 290
20 482
54 210
54 267
368 375
263 226
263 268
485 162
129 219
368 372
129 154
9 153
9 219
369 370
262 269
262 268
197 210
369 242
197 129
261 267
485 250
261 264
370 242
8 228
8 54
206 64
370 15
206 58
260 153
260 177
371 374
241 129
241 263
484 116
133 153
371 375
133 42
259 270
259 262
242 373
258 268
258 261
141 64
242 376
141 206
128 177
484 12
128 42
372 377
99 58
99 128
204 206
372 183
204 141
257 259
257 141
373 15
256 154
256 204
483 492
75 154
373 183
75 153
255 197
181 71
214 374
214 370
269 270
269 153
364 371
210 270
210 269
10 28
49 270
364 183
49 153
268 269
268 49
167 371
267 268
267 49
177 49
167 368
177 153
266 270
10 487
266 269
365 372
226 270
226 49
64 177
365 370
64 210
245 49
245 177
366 369
228 270
228 49
80 171
154 268
366 374
154 177
265 245
265 266
367 377
58 153
58 154
216 49
367 371
216 228
219 64
80 18
219 49
186 375
264 245
264 216
42 266
186 372
42 153
59 242
59 50
71 12
360 377
360 368
361 369
486 71
361 364
94 374
94 242
486 487
362 376
362 369
110 371
181 171
110 377
363 242
363 186
3 248
187 374
187 96
490 491
351 94
489 490
3 354
352 361
352 359
489 53
248 110
143 362
353 94
171 37
353 168
248 167
161 186
12 162
161 96
354 364
354 214
171 116
143 365
66 366
157 167
157 366
12 491
355 110
355 363
356 366
124 116
168 93
168 374
66 360
124 493
85 375
85 367
70 366
488 28
70 85
356 93
358 366
175 358
487 488
175 96
357 362
357 365
488 489
71 491
93 366
359 59
359 368
487 28
358 59
93 167
125
150 370
416 179
402 157
287 304
280 99
77 229
256 60
216 27
164 294
26 407
62 273
490 386
33 3
264 195
183 483
411 10
336 325
427 163
59 418
105 262
135 178
346 352
84 331
177 468
268 348
376 92
215 102
467 456
14 90
387 186
61 144
257 42
499 500
198 214
316 476
313 274
277 440
369 297
347 173
314 130
1 185
16 333
66 146
115 406
275 247
121 210
276 162
285 351
326 180
450 58
22 305
112 168
448 335
497 143
76 109
428 160
451 457
374 106
329 299
486 435
17 465
302 65
169 473
444 394
477 417
64 381
18 395
46 171
454 438
388 355
375 80
72 50
79 409
69 91
358 167
98 176
397 182
192 250
461 237
455 317
128 293
11 166
332 249
158 97
482 493
423 360
159 398
487 495
265 419
207 212
259 31
218 108
484 498
345 303
145 196
149 319
199 445
197 217
488 469
136 470
340 383
187 29
489 86
372 412
356 378
55 410
111 452
122 226
425 222
142 323
181 393
291 363
496 127
255 87
481 390
342 153
258 174
324 131
175 223
53 339
6 2
148 296
38 107
56 70
494 103