500 1020
148 138
320 305
283 99
461 225
460 8
420 121
191 30
214 174
68 374
351 304
349 318
303 171
72 38
490 192
34 156
205 281
486 432
150 45
447 150
447 436
464 146
96 438
96 450
69 476
464 476
69 142
475 476
475 142
465 161
474 69
474 476
107 474
465 146
107 69
473 474
473 107
194 142
472 473
472 107
471 474
194 69
471 473
86 471
86 472
146 476
470 473
470 471
469 473
146 466
469 86
468 69
468 472
466 468
161 475
161 107
467 476
466 142
467 69
498 500
498 3
497 477
497 13
496 71
496 95
52 497
52 488
47 265
441 382
49 114
459 466
134 444
35 77
35 445
12 462
110 173
110 118
434 35
12 146
434 50
116 434
116 118
167 463
433 110
433 66
205 435
167 465
205 96
236 443
236 77
246 462
432 438
432 444
431 147
246 465
431 66
430 236
430 440
460 161
429 433
429 147
39 435
460 464
39 446
428 119
428 446
461 463
169 128
169 116
131 116
461 470
131 168
452 234
452 440
462 463
451 447
451 39
450 134
462 161
450 447
449 437
449 438
463 475
448 429
448 119
150 96
463 472
443 445
140 146
443 447
442 445
442 118
32 246
441 444
441 66
440 66
32 43
440 445
147 447
147 442
458 228
234 445
234 442
439 66
458 465
439 445
438 444
438 443
185 69
45 439
45 443
119 118
185 194
119 442
164 440
164 446
213 467
77 443
77 447
128 234
213 464
128 118
173 445
173 446
43 146
50 147
50 118
156 445
43 468
156 442
437 234
437 164
228 161
436 444
436 443
135 446
228 167
135 119
168 445
168 135
459 462
435 50
435 437
134 147
88 145
456 32
88 163
238 417
238 415
115 194
406 426
406 408
405 117
115 464
405 409
404 426
404 237
136 469
180 238
180 415
403 88
136 185
403 404
113 415
113 405
457 142
402 411
402 113
221 412
457 146
221 425
401 402
401 88
216 462
400 413
400 412
24 403
216 43
24 237
233 405
233 158
62 107
427 405
427 113
426 233
62 458
426 401
118 447
118 96
16 468
446 447
446 96
445 96
16 462
445 118
66 447
66 118
140 185
444 118
444 96
206 133
235 82
206 427
418 158
418 427
454 108
417 206
417 133
416 427
454 467
416 426
117 422
117 419
108 136
415 418
415 206
414 415
108 62
414 427
68 414
68 427
82 458
413 427
413 206
412 415
82 146
412 426
145 421
145 415
229 136
163 418
163 413
411 414
229 463
411 413
410 424
410 413
178 142
193 133
193 145
154 416
178 213
154 423
409 417
409 413
455 246
408 133
408 415
407 409
455 136
407 154
162 427
162 414
456 471
222 410
222 414
204 388
73 14
54 52
73 242
399 384
399 175
67 52
398 203
398 371
26 389
67 220
26 386
397 386
397 129
227 220
208 85
208 388
396 208
227 496
396 392
395 375
395 204
220 496
425 426
425 427
424 427
220 52
424 426
423 425
423 427
476 459
237 423
237 426
422 427
476 185
422 423
133 422
133 427
142 467
421 426
421 422
158 424
142 471
158 133
141 425
141 422
453 246
420 425
420 424
419 424
453 456
419 423
218 425
218 141
235 454
30 218
30 237
47 85
383 179
177 493
383 151
382 390
382 383
493 51
197 385
197 384
76 384
493 54
76 388
381 396
381 85
71 494
380 85
380 76
175 383
71 227
175 394
379 391
379 380
494 496
378 390
378 394
377 224
494 54
377 384
49 14
49 197
95 495
242 378
242 390
376 385
95 54
376 379
375 187
375 378
51 52
374 389
374 197
58 376
51 495
58 377
4 383
4 14
495 67
373 379
373 175
372 396
495 52
372 14
371 395
371 389
54 67
204 381
370 211
394 395
489 51
394 396
203 395
203 394
490 67
393 396
393 394
151 394
490 492
151 203
392 151
392 203
202 491
224 394
224 392
129 392
202 496
129 393
27 203
27 395
122 51
391 393
391 392
390 393
122 54
390 391
179 394
179 392
60 494
389 390
389 394
388 394
60 227
388 27
14 27
14 179
491 227
387 203
387 388
85 389
491 493
85 395
386 387
386 392
492 496
385 389
385 27
384 391
492 71
384 179
187 179
187 391
177 71
47 129
90 198
90 210
291 311
44 57
291 90
42 83
42 139
195 91
249 292
249 210
97 95
312 293
195 324
312 292
334 84
334 335
144 329
21 84
21 334
100 21
144 219
100 335
333 21
97 202
333 84
57 323
102 333
102 334
332 102
57 91
332 334
91 102
91 21
323 219
331 21
331 332
499 491
330 333
323 91
330 334
329 330
329 21
324 102
328 100
328 335
327 332
324 331
327 335
326 335
499 482
326 329
219 335
325 330
325 326
219 100
500 60
340 211
209 359
209 356
500 13
370 359
300 312
300 80
72 186
148 190
72 199
299 311
299 307
321 84
149 306
149 210
120 477
5 186
321 144
5 312
298 210
298 93
143 333
160 309
160 301
297 19
143 44
297 312
182 300
120 60
182 25
322 190
2 302
2 300
296 312
322 327
296 5
18 65
18 149
189 334
295 199
295 300
183 492
294 149
189 190
294 19
293 182
293 295
190 21
59 310
59 149
111 300
190 334
111 5
125 310
183 67
125 160
31 195
292 93
292 300
112 308
31 100
112 65
109 79
109 83
44 333
40 321
83 312
83 311
310 312
40 143
310 83
186 310
478 52
186 249
215 334
309 186
309 93
198 79
215 195
198 312
139 309
139 198
317 330
308 79
308 93
240 95
307 186
317 325
307 310
306 312
306 83
318 328
114 198
114 186
305 309
318 322
305 308
80 198
240 488
80 79
8 21
199 80
199 186
304 249
8 322
304 198
303 312
303 309
319 219
19 310
19 249
477 202
302 83
319 102
302 309
301 186
301 198
320 91
25 80
25 302
65 199
320 321
65 93
210 83
477 227
210 139
148 321
280 200
165 189
279 166
279 127
13 481
132 64
165 329
132 127
278 279
278 94
339 326
277 132
277 159
276 153
339 323
276 37
275 17
13 122
275 9
313 327
212 284
212 279
74 94
313 98
74 284
48 285
48 226
314 335
181 275
181 200
92 33
29 285
314 323
29 159
184 241
184 285
98 44
89 87
89 29
104 81
98 332
104 284
290 11
92 482
290 289
315 334
10 61
10 87
289 48
315 91
289 226
288 11
288 17
316 321
93 249
93 312
478 51
311 93
316 334
311 312
79 93
79 312
11 200
84 144
94 9
94 37
64 287
84 102
64 200
1 9
1 288
336 207
17 11
17 1
480 496
127 87
336 316
127 200
284 200
284 81
207 31
241 64
241 286
61 200
207 196
61 94
283 9
480 95
283 200
155 315
225 9
225 287
166 289
155 322
166 81
153 241
153 289
196 335
282 127
282 166
479 220
226 286
196 332
226 94
20 87
20 172
337 325
191 61
191 282
159 94
337 195
159 285
124 61
479 484
124 20
338 57
38 37
38 200
281 284
338 326
281 176
280 124
253 23
56 367
192 253
192 7
34 103
56 41
34 255
123 266
482 3
123 15
101 368
53 55
53 254
252 258
101 41
252 260
75 269
75 157
367 41
251 253
251 15
481 494
130 123
367 209
130 253
274 245
274 201
368 370
273 255
273 258
176 289
368 369
176 288
287 176
481 177
287 288
369 41
172 289
172 176
286 289
369 370
286 176
285 286
285 176
41 370
9 287
9 288
137 220
37 286
41 209
37 289
200 37
200 9
335 165
81 176
81 288
87 37
335 319
87 172
11 87
137 481
15 272
15 271
223 367
250 232
250 106
483 71
23 264
223 22
23 266
138 274
138 264
364 70
262 103
262 106
261 272
364 365
261 23
170 271
483 491
170 55
70 365
260 267
260 15
259 245
70 370
259 105
99 274
99 270
126 101
258 23
258 250
3 177
121 274
126 367
121 263
7 273
7 262
365 366
214 106
214 170
257 245
365 41
257 259
256 270
3 487
256 263
22 209
157 105
157 256
243 259
22 56
243 257
171 7
171 257
366 370
255 266
255 243
482 60
254 266
366 56
254 274
253 261
244 78
36 101
36 70
103 273
103 274
360 126
272 273
272 103
217 492
248 273
360 56
248 274
106 103
106 248
231 126
271 106
271 248
270 248
231 223
270 274
269 273
217 33
269 103
6 22
232 273
232 248
245 270
6 70
245 272
268 248
268 270
361 364
267 273
267 248
46 247
266 106
361 101
266 270
265 268
265 269
362 209
105 274
105 266
201 248
362 126
201 267
264 245
46 52
264 248
363 367
55 268
55 201
263 269
363 22
263 274
354 365
354 369
78 487
239 209
239 223
355 364
484 78
355 360
356 101
356 365
484 33
357 41
357 364
358 126
244 247
358 209
359 365
359 363
342 344
341 101
341 368
489 122
340 356
488 489
342 346
343 355
343 353
488 54
344 358
345 357
188 356
247 495
188 348
344 231
63 363
487 71
63 368
346 360
346 36
247 177
345 6
230 361
347 231
347 361
487 122
152 358
152 359
211 361
486 177
348 28
348 101
230 239
486 493
350 367
350 362
349 361
485 492
349 350
211 28
352 361
174 352
33 485
174 368
351 357
351 6
485 488
78 122
28 361
353 354
353 223
33 492
352 354
28 231
125
54 417
89 271
325 471
188 359
284 320
402 435
491 63
200 314
273 486
240 118
266 385
317 250
182 330
194 40
340 94
237 386
472 26
113 287
326 71
152 67
432 77
468 100
336 253
306 34
251 134
218 106
230 436
217 442
226 376
36 85
405 4
9 390
485 254
397 156
448 443
393 430
332 316
146 482
132 372
131 431
313 478
384 92
32 124
494 312
159 295
487 39
358 49
110 38
52 396
353 133
88 176
480 394
438 408
289 150
178 93
128 225
2 363
151 56
138 203
141 241
292 205
481 60
362 454
74 374
66 470
398 347
112 366
83 78
403 239
183 264
243 420
201 422
147 153
310 8
255 175
121 103
351 135
301 232
173 168
465 199
233 367
279 323
81 136
191 84
473 46
452 16
166 365
400 429
155 495
144 98
187 73
364 410
212 477
249 108
272 446
186 329
70 262
263 433
259 343
456 109
497 30
318 296
114 483
154 498
227 392
120 6
421 190
42 360
165 286
476 257
210 180
355 399
184 213
33 162
387 474
245 19
45 129
215 308
324 428
283 161
59 222
469 441
28 115
331 137
236 234