500 1020
329 260
48 314
250 13
463 281
176 82
103 258
278 417
257 83
126 380
359 54
358 328
313 210
78 275
124 194
232 157
427 158
2 426
446 93
445 446
445 434
466 468
60 439
60 449
186 211
466 211
186 476
475 211
475 476
163 471
89 186
89 211
125 89
163 468
125 186
474 89
474 125
467 476
68 474
68 125
473 89
467 186
473 474
156 473
156 68
468 211
37 474
37 473
7 474
468 469
7 156
472 186
472 68
469 472
471 475
471 125
470 211
469 476
470 186
497 500
497 74
496 479
496 56
205 225
205 35
495 496
495 490
76 209
442 8
203 315
143 469
164 193
430 437
430 444
462 464
429 149
429 29
428 430
462 468
428 436
100 428
100 29
69 465
30 429
30 168
427 431
69 163
427 60
99 121
99 437
70 464
426 439
426 193
199 231
70 163
199 168
425 99
425 228
176 471
21 30
21 231
235 431
176 466
235 109
180 438
180 109
463 465
165 139
165 100
424 100
463 37
424 432
451 441
451 228
464 465
450 445
450 235
449 164
464 471
449 445
448 435
448 439
465 475
447 21
447 438
446 60
465 68
121 444
458 468
121 445
443 444
443 29
459 70
442 193
442 168
228 168
459 42
228 444
231 445
231 443
49 461
441 444
441 443
440 168
49 163
440 444
439 193
439 121
46 186
93 440
93 121
438 29
46 467
438 443
75 228
75 109
460 470
437 121
437 445
139 441
460 466
139 29
149 444
149 109
42 468
436 231
436 29
157 444
42 472
157 443
435 441
435 75
461 471
434 193
434 121
433 109
461 69
433 438
432 444
432 433
143 464
431 436
431 435
164 231
411 144
454 459
411 242
410 77
410 414
455 467
86 422
86 161
189 39
455 466
189 16
409 422
409 421
145 7
147 410
147 414
175 411
145 46
175 409
167 414
167 189
456 476
408 195
408 167
135 238
456 468
135 213
407 408
407 411
457 464
406 110
406 238
169 175
457 42
169 421
23 189
23 418
120 125
423 189
423 167
422 23
120 49
422 407
29 445
29 60
65 472
109 445
109 60
444 60
65 464
444 29
168 445
168 29
458 46
193 29
193 60
190 420
6 166
190 423
416 418
416 423
224 87
77 190
77 420
415 423
224 470
415 422
39 216
39 72
87 145
414 416
414 190
413 414
87 120
413 423
126 413
126 423
166 49
110 423
110 190
238 414
166 468
238 422
144 419
144 414
453 145
242 416
242 110
195 413
453 465
195 110
173 170
173 110
153 476
128 420
128 144
148 415
153 460
148 111
16 77
16 110
159 70
161 420
161 414
412 16
159 145
412 148
237 423
237 413
454 473
118 173
118 413
405 391
404 19
494 495
404 383
177 9
177 385
105 495
403 107
403 98
402 392
105 223
402 207
401 207
401 395
171 223
55 50
55 391
400 55
171 205
400 397
4 381
4 405
223 205
213 422
213 423
170 423
223 495
170 422
111 213
111 423
211 143
421 111
421 422
216 423
211 46
216 111
420 216
420 423
476 470
419 422
419 216
418 170
476 473
418 420
245 213
245 216
452 70
103 213
103 170
72 170
452 454
72 111
26 213
26 245
6 224
417 26
417 421
76 50
230 202
492 24
230 398
8 91
8 230
24 217
119 389
119 9
387 9
24 494
387 391
386 400
386 50
225 493
116 50
116 387
385 230
225 171
385 181
122 393
122 116
493 205
192 91
192 181
384 396
493 494
384 9
203 19
203 119
35 85
383 192
383 91
382 389
35 494
382 122
381 388
381 192
217 495
380 392
380 119
108 382
217 85
108 384
379 230
379 19
85 105
130 122
130 385
151 400
85 495
151 19
98 4
98 392
494 105
405 386
137 357
181 4
172 217
181 400
107 4
107 181
124 105
399 400
399 181
398 181
124 32
398 107
397 398
397 107
97 67
396 181
396 397
395 397
97 205
395 399
394 107
394 4
133 217
393 399
393 397
91 399
133 494
91 393
202 181
202 397
491 493
392 91
392 181
391 181
491 171
391 394
19 394
19 202
67 171
390 107
390 391
50 392
67 24
50 4
207 390
207 397
32 205
389 392
389 394
9 393
32 225
9 202
388 202
388 393
492 225
76 395
296 160
296 248
184 319
212 239
184 296
198 140
198 233
334 113
321 298
321 248
499 35
141 302
334 336
141 298
346 155
346 347
162 341
214 155
214 346
345 214
162 337
345 347
114 214
499 97
114 155
239 335
154 114
154 346
344 154
239 113
344 346
113 154
113 214
335 337
343 214
343 344
498 67
342 114
335 113
342 346
341 342
341 214
336 154
340 345
340 347
339 344
336 343
339 347
338 347
498 79
338 341
337 347
88 342
88 338
337 345
500 491
352 357
25 365
25 28
500 56
137 365
234 141
234 174
78 317
329 131
78 17
249 319
249 81
330 155
309 66
309 248
478 479
308 317
330 162
308 141
227 248
227 320
117 114
218 94
218 311
14 312
117 212
14 141
307 234
478 491
307 310
331 131
306 44
306 234
305 141
331 339
305 308
304 1
304 309
332 346
179 17
179 234
477 32
303 309
332 131
303 312
302 307
302 179
131 214
301 318
301 309
300 234
131 346
300 308
299 318
477 105
299 218
333 334
298 320
298 234
297 316
333 345
297 1
132 185
132 140
212 114
325 330
140 141
140 319
318 141
325 117
318 140
317 318
480 495
317 321
326 346
94 317
94 320
160 185
326 334
160 141
233 94
233 160
327 342
316 185
316 320
92 35
81 317
327 88
81 318
66 141
66 140
328 340
315 160
315 317
314 94
328 331
314 316
174 160
92 490
174 185
82 214
17 174
17 317
54 321
82 331
54 160
313 141
313 94
43 337
312 318
312 321
479 97
44 140
43 154
44 94
311 317
311 160
48 113
310 174
310 44
1 17
48 330
1 320
248 140
479 171
248 233
329 330
274 236
351 332
64 138
64 45
56 483
273 286
351 341
273 45
272 64
272 115
27 338
271 273
271 277
41 80
27 335
41 289
196 285
56 133
196 104
322 339
229 284
229 64
62 115
322 220
62 284
150 47
150 279
323 347
61 196
61 236
73 96
295 47
323 335
295 277
294 283
294 47
220 212
293 287
293 295
58 288
220 344
58 284
183 84
73 79
183 206
324 346
127 282
127 287
206 150
324 113
206 279
178 84
178 285
208 330
320 321
320 141
480 217
319 320
208 346
319 141
185 320
185 141
84 236
155 162
115 104
115 289
286 291
155 154
286 236
112 104
112 178
71 348
285 84
285 112
482 205
45 287
71 208
45 236
284 236
284 288
348 333
283 286
283 90
282 236
348 350
282 115
250 104
482 35
250 236
349 324
281 104
281 291
138 206
349 331
138 288
80 283
80 206
350 347
280 45
280 138
481 223
279 90
350 344
279 115
226 287
226 290
188 88
278 282
278 280
277 115
188 334
277 47
276 282
481 136
276 226
243 239
275 289
275 236
158 284
243 338
158 292
274 276
51 261
376 152
194 51
194 187
232 3
376 378
232 38
255 204
79 74
255 262
377 31
254 264
254 52
253 219
377 378
253 123
252 268
252 256
152 378
36 51
36 262
483 493
251 255
152 25
251 51
221 134
221 57
31 137
270 38
270 219
292 206
31 59
292 178
291 292
483 492
291 178
59 378
290 206
290 292
90 206
59 137
90 292
47 90
47 292
378 137
104 291
104 178
197 223
289 90
378 25
289 206
236 289
236 104
347 351
288 292
288 178
287 289
347 43
287 290
84 287
197 483
262 222
262 269
15 152
191 267
191 182
484 225
261 265
15 374
261 204
260 221
260 265
371 22
259 3
259 182
40 222
371 373
40 261
20 269
484 67
20 264
22 373
123 34
123 262
240 134
22 137
240 266
13 221
13 63
372 377
219 261
219 191
74 492
258 221
372 152
258 263
187 270
187 259
373 375
257 182
257 20
146 134
373 378
146 240
95 63
74 488
95 263
374 25
256 266
256 95
200 240
374 376
200 146
210 187
210 146
375 137
38 204
38 200
79 491
52 204
375 376
52 221
51 40
486 487
366 377
366 22
3 270
3 221
367 372
222 270
222 3
106 32
5 270
367 376
5 221
182 3
182 5
368 372
269 182
269 5
63 5
368 15
63 221
268 270
106 96
268 3
369 374
267 270
267 5
134 63
369 22
134 222
244 5
244 63
129 371
34 270
34 5
485 489
204 182
129 377
204 63
209 244
209 268
33 25
266 221
266 204
57 5
33 372
57 34
265 134
485 495
265 5
370 152
264 244
264 57
263 268
370 374
263 221
362 373
362 59
487 488
12 25
12 15
53 371
136 487
53 367
28 377
28 373
136 96
363 378
363 371
364 372
486 489
364 25
365 373
365 370
142 354
353 377
353 31
172 133
352 28
490 172
142 247
10 53
10 361
490 494
354 364
241 363
246 28
489 85
246 356
354 368
355 370
488 225
355 31
247 367
247 366
489 492
241 369
18 129
215 368
215 129
488 133
101 364
101 365
357 129
2 492
356 102
356 377
18 12
2 24
201 152
201 33
358 129
11 32
358 201
357 102
360 129
83 360
96 11
83 31
359 363
359 369
11 490
487 133
102 129
361 362
361 15
96 32
360 362
102 368
125
22 438
133 315
146 35
478 353
294 312
169 459
333 199
391 85
290 418
238 84
160 12
276 465
65 344
334 443
432 254
214 287
450 406
225 434
58 148
112 474
29 386
138 357
38 374
83 33
401 59
300 260
399 498
235 462
126 111
154 117
72 486
458 495
164 130
352 388
271 263
120 417
314 341
336 281
338 45
444 81
292 453
89 411
358 168
283 227
253 25
200 92
13 240
42 218
266 179
229 360
310 252
63 123
170 176
108 322
142 456
256 66
237 28
455 184
131 167
21 354
86 323
27 479
437 243
385 429
397 14
250 4
347 232
203 372
425 407
394 67
239 31
398 431
48 412
97 127
132 202
213 389
415 297
291 301
115 140
116 296
96 340
157 153
284 426
124 424
80 371
261 484
104 298
421 264
454 376
193 311
26 95
205 212
19 259
378 349
128 487
496 330
293 368
156 448
180 435
375 174
414 321
482 241
217 258
244 499
317 463
99 57
24 56
383 356
279 211
275 408
183 150
409 55
452 255
467 404
50 324
190 490
119 362
49 223
303 145
135 295
8 121
351 366
105 163
30 224
88 419