625 1200
610 81
221 625
86 178
178 71
71 611
611 612
612 613
613 241
241 614
614 615
615 616
616 617
617 69
69 75
75 618
618 619
619 620
620 159
159 621
621 622
81 625
622 60
60 623
623 624
179 81
624 179
286 71
243 4
243 611
4 602
4 612
602 11
602 613
11 603
11 241
603 604
603 614
604 242
604 615
242 198
242 616
198 298
198 617
298 257
298 69
257 605
257 75
605 606
605 618
606 607
606 619
607 27
607 620
27 608
27 159
608 92
608 621
92 220
92 622
220 609
220 60
609 50
609 623
50 44
50 624
44 610
44 179
610 221
231 602
269 594
269 11
594 168
594 603
168 595
168 604
595 596
595 242
596 240
596 198
240 139
240 298
139 126
139 257
126 87
126 605
87 597
87 606
597 66
597 607
66 297
66 27
297 115
297 608
115 598
115 92
598 41
598 220
41 599
41 609
599 6
599 50
6 600
6 44
600 88
600 610
88 221
601 125
601 86
125 286
125 178
286 243
23 580
23 595
580 581
580 596
581 582
581 240
582 176
582 139
176 302
176 126
302 583
302 87
583 584
583 597
584 245
584 66
245 54
245 297
54 585
54 115
585 117
585 598
117 586
117 41
586 587
586 599
587 588
587 6
588 254
588 600
254 88
589 590
589 601
590 591
590 125
591 592
591 286
592 593
592 243
593 231
593 4
231 269
570 582
97 67
97 176
67 78
67 302
78 571
78 583
571 215
571 584
215 572
215 245
572 307
572 54
307 573
307 585
573 184
573 117
184 280
184 586
280 574
280 587
574 575
574 588
575 254
199 576
199 589
576 265
576 590
265 577
265 591
577 2
577 592
2 56
2 593
56 578
56 231
578 579
578 269
579 22
579 594
22 23
22 168
32 78
562 223
562 571
223 284
223 215
284 563
284 572
563 138
563 307
138 28
138 573
28 564
28 184
564 565
564 280
565 197
565 574
197 575
91 566
91 199
566 567
566 576
567 568
567 265
568 569
568 577
569 25
569 2
25 93
25 56
93 157
93 578
157 300
157 579
300 272
300 22
272 13
272 23
13 102
13 580
102 570
102 581
570 97
550 271
550 563
271 9
271 138
9 551
9 28
551 16
551 564
16 183
16 565
183 197
552 553
552 91
553 154
553 566
154 554
154 567
554 105
554 568
105 555
105 569
555 308
555 25
308 556
308 93
556 557
556 157
557 558
557 300
558 559
558 272
559 299
559 13
299 560
299 102
560 561
560 570
561 135
561 97
135 32
135 67
32 562
536 551
537 538
537 16
538 183
539 540
539 552
540 151
540 553
151 541
151 154
541 542
541 554
542 543
542 105
543 113
543 555
113 544
113 308
544 545
544 556
545 546
545 557
546 547
546 558
547 39
547 559
39 548
39 299
548 74
548 560
74 152
74 561
152 250
152 135
250 549
250 32
549 40
549 562
40 267
40 223
267 550
267 284
482 483
258 505
482 495
483 484
483 496
258 494
484 119
484 497
119 485
493 260
119 127
485 124
485 251
493 258
124 486
124 498
486 487
52 132
486 499
487 488
487 500
52 493
488 207
488 19
207 236
235 504
189 489
189 188
489 201
235 52
489 501
201 163
201 502
123 36
163 490
163 61
490 491
123 235
490 285
491 492
491 233
492 503
492 123
174 202
174 40
202 534
202 267
534 79
534 550
79 535
79 271
535 536
535 9
536 537
469 119
127 509
470 471
470 485
471 232
127 251
471 124
232 472
232 486
497 508
472 58
472 487
58 473
497 127
58 488
473 207
474 475
496 164
474 189
475 226
475 489
496 497
226 256
226 201
256 191
495 507
256 163
191 476
191 490
495 496
476 122
476 491
122 477
270 186
122 492
477 478
477 123
270 495
478 479
478 235
479 480
51 506
479 52
480 291
480 493
51 270
291 481
291 258
481 20
494 305
481 494
20 196
20 51
494 51
196 482
196 270
458 459
501 502
458 472
459 460
459 58
188 512
460 473
461 194
461 474
188 501
194 462
194 475
462 463
236 101
462 226
463 282
463 256
19 511
282 464
282 191
464 465
19 236
464 476
465 175
465 122
500 112
175 192
175 477
192 247
500 19
192 478
247 211
247 479
499 510
211 466
211 480
466 467
499 500
466 291
467 21
467 481
498 17
21 128
21 20
128 266
498 499
128 196
266 468
266 482
251 294
468 295
468 483
295 469
251 498
295 484
469 470
121 461
150 14
504 132
150 194
14 8
14 462
36 273
8 304
8 463
304 131
36 504
304 282
131 46
131 464
503 516
46 110
46 465
110 452
503 36
110 175
452 453
452 192
233 515
453 29
453 247
29 24
233 503
29 211
24 454
24 466
285 514
454 455
454 467
455 37
285 233
455 21
37 72
37 128
61 278
72 456
72 266
456 12
61 285
456 468
12 457
12 295
502 513
457 148
457 469
148 259
502 61
148 470
259 161
259 471
501 18
161 458
161 232
227 239
227 304
507 164
239 443
239 131
443 129
186 133
443 46
129 100
129 110
186 507
100 444
100 452
444 445
506 521
444 453
445 312
445 29
506 186
312 143
312 24
143 446
305 520
143 454
446 447
446 455
305 506
447 448
447 37
448 65
505 519
448 72
65 449
65 456
505 305
449 450
449 12
450 76
260 518
450 457
76 173
76 148
260 505
173 200
173 259
200 261
132 517
200 161
261 203
261 458
132 260
203 451
203 459
451 460
504 214
121 150
432 129
149 433
112 511
149 100
433 434
433 444
510 182
434 38
434 445
38 180
510 112
38 312
180 217
180 143
17 1
217 435
217 446
435 309
17 510
435 447
309 142
309 448
294 73
142 436
142 65
436 437
294 17
436 449
437 438
437 450
509 523
438 120
438 76
120 439
509 294
120 173
439 440
439 200
508 522
440 208
440 261
208 206
508 509
208 203
206 451
255 212
164 246
255 121
212 441
212 150
164 508
441 442
441 14
442 227
507 95
442 8
418 434
419 420
419 38
514 526
420 421
420 180
421 422
514 515
421 217
422 423
422 435
278 296
423 53
423 309
53 424
278 514
53 142
424 193
424 436
513 205
193 425
193 437
425 426
513 278
425 438
426 209
426 120
18 525
209 103
209 439
103 185
18 513
103 440
185 427
185 208
512 262
427 206
31 428
31 255
512 18
428 429
428 212
429 430
101 524
429 441
430 106
430 442
511 268
106 431
106 227
431 68
511 101
431 239
68 432
68 443
112 219
432 149
407 224
407 422
224 408
519 213
224 423
408 409
408 53
519 520
409 410
409 424
410 411
518 134
410 193
411 412
411 425
518 519
412 413
412 426
413 169
517 57
413 209
169 311
169 103
517 518
311 190
311 185
190 427
214 529
414 3
414 31
3 98
214 517
3 428
98 415
98 429
273 528
415 210
415 430
210 35
273 214
210 106
35 416
35 431
516 527
416 49
416 68
49 417
516 273
49 432
417 216
417 149
515 222
216 418
216 433
418 419
515 516
359 306
370 380
144 360
144 84
531 152
360 361
370 371
360 288
361 301
361 370
288 249
301 283
301 371
283 33
288 370
283 130
33 362
532 533
33 252
84 107
362 30
362 263
30 172
84 288
30 94
172 363
172 310
306 277
363 80
363 372
532 250
80 45
306 84
80 187
45 118
45 237
279 114
118 364
118 90
364 365
279 306
364 373
365 303
533 174
365 137
369 379
303 290
303 374
290 366
369 279
290 375
366 367
366 376
368 378
367 48
367 82
533 549
48 156
368 369
48 230
156 377
167 361
275 530
346 292
372 70
346 301
292 347
292 283
372 187
347 348
347 33
348 26
310 64
348 362
26 349
275 548
26 30
310 372
349 350
349 172
350 351
94 383
350 363
351 160
351 80
94 310
160 99
160 45
530 531
99 352
263 382
99 118
352 353
352 364
263 94
353 354
353 365
354 355
252 381
354 303
355 55
530 74
355 290
252 263
55 356
55 366
356 162
130 43
356 367
162 357
162 48
130 252
357 156
146 358
531 532
146 368
371 225
358 77
358 369
77 359
371 130
77 279
359 144
141 147
141 348
375 177
147 335
147 26
335 218
375 376
335 349
218 336
134 213
218 350
374 386
336 153
336 351
153 337
374 375
153 160
337 104
337 99
137 5
104 85
104 352
134 547
85 338
137 374
85 353
338 15
338 354
373 171
15 339
15 355
339 340
373 137
339 55
340 238
213 275
340 356
90 385
238 341
238 162
341 357
90 373
342 343
342 146
343 165
237 384
343 358
165 344
213 39
165 77
237 90
344 10
344 359
10 345
187 281
10 144
345 167
345 360
187 237
167 346
321 218
109 322
277 107
109 336
322 7
528 544
322 153
114 158
7 323
7 337
323 324
114 277
323 104
324 325
324 85
379 195
325 326
325 338
529 57
326 327
379 114
326 15
327 145
327 339
378 390
145 328
145 340
328 253
378 379
328 238
253 341
529 545
234 293
377 389
234 342
293 329
293 343
230 287
329 264
329 165
264 330
230 377
264 344
330 331
57 134
330 10
82 388
331 111
331 345
111 332
82 230
111 167
332 333
332 346
376 387
333 334
333 292
57 546
334 141
376 82
334 347
222 527
382 383
381 395
381 382
222 543
43 394
43 381
313 248
313 234
225 393
248 314
248 293
527 528
314 315
225 43
314 329
315 316
315 264
380 392
316 317
316 330
317 318
380 225
317 331
318 166
527 113
318 111
249 244
166 34
166 332
34 319
249 380
34 333
319 170
319 334
107 83
170 320
170 141
528 529
320 47
107 249
320 147
47 321
47 335
277 391
321 109
171 5
385 136
296 526
385 171
384 397
384 385
296 541
281 229
281 384
70 274
526 222
70 281
64 396
64 70
526 542
383 155
383 64
382 228
390 195
389 401
262 539
287 108
287 389
388 400
525 205
388 287
387 399
387 388
525 540
177 398
177 387
386 204
205 296
386 177
5 276
5 386
205 151
171 89
393 394
219 536
392 63
392 393
244 289
268 524
244 392
83 42
83 244
268 537
391 403
391 83
158 181
524 538
158 391
195 402
195 158
262 525
390 140
229 397
274 406
274 229
1 79
396 405
396 274
155 96
182 219
155 396
228 62
228 155
182 535
395 116
395 228
394 59
219 268
394 395
393 404
399 400
398 412
523 73
398 399
204 411
204 398
523 202
276 410
276 204
89 409
73 1
89 276
136 408
136 89
73 534
397 224
397 136
229 407
1 182
405 406
520 275
405 420
406 407
406 421
520 521
96 419
116 62
521 530
116 216
62 96
62 418
521 133
96 405
63 416
404 59
404 49
133 95
59 116
59 417
42 289
42 210
95 246
289 63
289 35
63 404
133 531
246 522
181 403
181 98
403 42
95 532
403 415
401 190
140 402
246 533
140 414
402 181
402 3
399 413
522 174
400 108
400 169
108 401
522 523
108 311
156
1 157
2 158
3 159
4 160
5 161
6 162
7 163
8 164
9 165
10 166
11 167
12 168
13 169
14 170
15 171
16 172
17 173
18 174
19 175
20 176
21 177
22 178
23 179
24 180
25 181
26 182
27 183
28 184
29 185
30 186
31 187
32 188
33 189
34 190
35 191
36 192
37 193
38 194
39 195
40 196
41 197
42 198
43 199
44 200
45 201
46 202
47 203
48 204
49 205
50 206
51 207
52 208
53 209
54 210
55 211
56 212
57 213
58 214
59 215
60 216
61 217
62 218
63 219
64 220
65 221
66 222
67 223
68 224
69 225
70 226
71 227
72 228
73 229
74 230
75 231
76 232
77 233
78 234
79 235
80 236
81 237
82 238
83 239
84 240
85 241
86 242
87 243
88 244
89 245
90 246
91 247
92 248
93 249
94 250
95 251
96 252
97 253
98 254
99 255
100 256
101 257
102 258
103 259
104 260
105 261
106 262
107 263
108 264
109 265
110 266
111 267
112 268
113 269
114 270
115 271
116 272
117 273
118 274
119 275
120 276
121 277
122 278
123 279
124 280
125 281
126 282
127 283
128 284
129 285
130 286
131 287
132 288
133 289
134 290
135 291
136 292
137 293
138 294
139 295
140 296
141 297
142 298
143 299
144 300
145 301
146 302
147 303
148 304
149 305
150 306
151 307
152 308
153 309
154 310
155 311
156 312