625 1200
608 624
609 625
610 21
21 280
280 611
611 612
612 150
150 32
32 613
613 614
614 4
4 615
615 616
616 617
617 618
618 115
115 619
619 234
234 620
620 621
624 625
621 94
94 205
205 622
623 624
622 623
599 280
65 600
65 611
600 285
600 612
285 230
285 150
230 24
230 32
24 269
24 613
269 281
269 614
281 307
281 4
307 601
307 615
601 128
601 616
128 171
128 617
171 602
171 618
602 603
602 115
603 604
603 619
604 26
604 234
26 605
26 620
605 218
605 621
218 606
218 94
606 607
606 205
607 127
607 622
127 608
127 623
608 609
22 285
68 591
68 230
591 592
591 24
592 593
592 269
593 159
593 281
159 594
159 307
594 196
594 601
196 34
196 128
34 595
34 171
595 6
595 602
6 596
6 603
596 236
596 604
236 597
236 26
597 72
597 605
72 82
72 218
82 198
82 606
198 119
198 607
119 242
119 127
242 598
242 608
598 609
31 45
31 610
45 599
45 21
599 65
578 264
578 593
264 3
264 159
3 579
3 594
579 580
579 196
580 581
580 34
581 86
581 595
86 582
86 6
582 583
582 596
583 584
583 236
584 585
584 597
585 164
585 72
164 586
164 82
586 79
586 198
79 587
79 119
587 241
587 242
241 598
37 588
37 31
588 197
588 45
197 589
197 599
589 590
589 65
590 22
590 600
22 68
2 579
570 571
570 580
571 572
571 581
572 217
572 86
217 573
217 582
573 195
573 583
195 1
195 584
1 223
1 585
223 209
223 164
209 130
209 586
130 574
130 79
574 287
574 587
287 241
100 80
100 37
80 575
80 588
575 576
575 197
576 577
576 589
577 199
577 590
199 213
199 22
213 194
213 68
194 305
194 591
305 578
305 592
559 572
560 561
560 217
561 261
561 573
261 562
261 195
562 232
562 1
232 563
232 223
563 36
563 209
36 564
36 130
564 565
564 574
565 287
566 118
566 100
118 176
118 80
176 567
176 575
567 87
567 576
87 44
87 577
44 265
44 199
265 568
265 213
568 179
568 194
179 88
179 305
88 215
88 578
215 569
215 264
569 2
569 3
2 570
547 15
547 562
15 548
15 232
548 549
548 563
549 286
549 36
286 550
286 564
550 565
551 185
551 566
185 107
185 118
107 201
107 176
201 552
201 567
552 262
552 87
262 553
262 44
553 27
553 265
27 554
27 568
554 555
554 179
555 556
555 88
556 557
556 215
557 558
557 569
558 295
558 2
295 58
295 570
58 559
58 571
559 560
539 549
253 282
253 286
282 550
83 208
83 551
208 540
208 185
540 211
540 107
211 54
211 201
54 249
54 552
249 172
249 262
172 178
172 553
178 541
178 27
541 41
541 554
41 247
41 555
247 542
247 556
542 157
542 557
157 543
157 558
543 92
543 295
92 288
92 58
288 544
288 559
544 545
544 560
545 546
545 561
546 547
546 261
187 482
493 77
187 497
482 483
482 498
493 494
483 484
483 156
484 485
492 129
484 254
485 486
485 499
492 493
486 81
486 500
81 487
491 101
81 85
487 258
487 227
491 492
258 298
258 501
298 502
283 224
488 140
488 503
140 489
283 491
140 289
489 120
489 138
222 507
120 221
120 504
221 300
222 283
221 505
300 490
300 506
490 168
490 222
43 266
43 545
266 52
266 546
52 158
52 547
158 538
158 15
538 539
538 548
539 253
473 484
254 219
110 474
110 485
474 189
254 499
474 486
189 109
189 81
156 510
109 53
109 487
53 475
156 254
53 258
475 298
200 476
498 124
200 488
476 477
476 140
498 156
477 59
477 489
59 63
497 25
59 120
63 48
63 221
497 498
48 478
48 300
478 479
496 308
478 490
479 12
479 222
496 497
12 30
12 283
30 66
495 509
30 491
66 480
66 492
495 496
480 243
480 493
243 181
494 508
243 494
181 481
181 495
494 495
481 187
481 496
148 105
289 138
148 109
105 462
105 53
503 515
462 475
463 153
463 200
503 289
153 464
153 476
464 174
502 38
464 477
174 465
174 59
501 514
465 33
465 63
33 466
501 502
33 48
466 467
466 478
227 513
467 296
467 479
296 46
227 501
296 12
46 145
46 30
85 512
145 468
145 66
468 469
85 227
468 480
469 470
469 243
500 511
470 471
470 181
471 290
500 85
471 481
290 147
290 187
499 102
147 472
147 482
472 473
499 500
472 483
473 110
447 463
103 160
224 101
103 153
160 121
160 464
507 278
121 448
121 174
448 449
507 224
448 465
449 450
449 33
168 193
450 451
450 466
451 452
168 507
451 467
452 259
452 296
506 255
259 453
259 46
453 454
506 168
453 145
454 229
454 468
505 518
229 455
229 469
455 456
505 506
455 470
456 457
456 471
504 312
457 458
457 290
458 459
504 505
458 147
459 460
459 472
138 517
460 461
460 473
461 251
138 504
461 110
251 190
251 474
289 516
190 148
190 189
47 311
47 448
25 124
311 19
311 449
19 183
308 524
19 450
183 438
183 451
308 25
438 439
438 452
439 39
509 523
439 259
39 440
39 453
509 308
440 441
440 454
441 207
508 522
441 229
207 442
207 455
508 509
442 443
442 456
443 444
77 521
443 457
444 55
444 458
77 508
55 445
55 459
445 446
129 520
445 460
446 292
446 461
129 77
292 256
292 251
256 273
101 161
256 190
273 188
273 148
101 129
188 180
188 105
180 462
224 519
447 103
294 183
143 425
513 514
143 438
425 186
425 439
512 67
186 112
186 39
112 426
512 513
112 440
426 64
426 441
511 528
64 117
64 207
117 137
511 512
117 442
137 427
137 443
102 527
427 428
427 444
428 429
102 511
428 55
429 430
429 445
219 9
430 431
430 446
431 104
219 102
431 292
104 231
104 256
510 8
231 432
231 273
432 433
510 219
432 188
433 180
434 435
124 526
434 447
435 436
435 103
124 510
436 437
436 160
437 47
25 525
437 121
260 186
410 238
410 112
518 530
238 411
238 426
411 412
518 255
411 64
412 413
412 117
312 84
413 414
413 137
414 76
312 518
414 427
76 122
76 428
517 23
122 415
122 429
415 416
517 312
415 430
416 417
416 431
516 529
417 418
417 104
418 7
516 517
418 231
7 419
7 432
515 17
419 433
420 421
420 434
515 516
421 116
421 435
116 60
38 90
116 436
60 422
60 437
514 173
422 423
422 47
423 424
514 38
423 311
424 294
424 19
513 11
294 143
403 275
403 412
275 303
521 534
275 413
303 141
303 414
521 522
141 111
141 76
111 404
520 263
111 122
404 228
404 415
520 521
228 50
228 416
50 405
161 149
50 417
405 406
405 418
161 520
406 96
406 7
96 419
519 533
152 309
152 420
309 214
519 161
309 421
214 97
214 116
278 532
97 407
97 60
407 114
278 519
407 422
114 408
114 423
193 531
408 57
408 424
57 91
193 278
57 294
91 409
91 143
255 169
409 260
409 425
260 410
255 193
108 10
364 376
166 349
166 362
536 92
349 35
364 257
349 363
35 350
35 364
363 375
350 351
350 257
351 154
363 364
351 248
154 352
537 250
154 365
362 239
352 220
352 366
220 353
362 363
220 144
353 354
353 367
10 235
354 301
354 368
537 288
301 355
10 362
301 369
355 356
355 370
99 299
356 357
356 237
357 151
99 10
357 139
151 133
250 43
151 371
167 374
133 358
133 372
358 245
167 99
358 226
245 359
245 297
361 293
359 360
359 271
250 544
360 29
361 167
360 69
29 373
246 35
535 165
175 16
368 61
175 350
16 343
16 351
368 369
343 344
343 154
344 14
367 380
344 352
14 345
535 157
14 220
367 368
345 142
345 353
142 71
144 42
142 354
71 13
71 301
144 367
13 267
13 355
165 536
267 225
366 379
267 356
225 346
225 357
366 144
346 106
346 151
106 233
365 378
106 133
233 291
165 543
233 358
365 366
291 310
291 245
310 347
248 377
310 359
347 95
347 360
248 365
95 29
62 348
536 537
62 361
257 276
348 132
348 167
132 108
257 248
132 99
108 166
331 332
331 344
226 384
332 170
332 14
170 333
226 297
170 345
333 244
263 534
333 142
372 18
244 334
244 71
334 335
372 226
334 13
335 184
335 267
371 383
184 131
184 225
263 247
131 134
371 372
131 346
134 336
134 106
139 382
336 337
336 233
337 338
139 371
337 291
338 339
534 535
338 310
237 155
339 340
339 347
340 95
237 139
341 342
341 62
342 240
370 73
342 348
240 40
534 542
240 132
370 237
40 113
40 108
113 28
369 381
113 166
28 246
28 349
369 370
246 175
93 333
321 322
235 239
321 244
322 323
532 178
322 334
299 387
323 324
323 335
324 325
299 235
324 184
325 274
325 131
374 386
274 89
274 134
533 149
89 216
374 299
89 336
216 326
216 337
293 78
326 204
326 338
204 123
293 374
204 339
123 340
533 541
327 328
373 385
327 341
328 329
328 342
69 270
329 163
329 240
163 136
69 373
163 40
136 330
149 263
136 113
271 277
330 191
330 28
191 135
271 69
191 246
135 272
135 175
297 56
272 49
272 16
149 41
49 331
297 271
49 343
169 531
379 42
378 146
378 379
169 249
377 389
377 378
313 314
313 327
276 206
314 315
314 328
531 532
315 316
276 377
315 329
316 317
316 163
376 388
317 98
317 136
98 20
376 276
98 330
20 318
531 172
20 191
375 75
318 306
318 135
306 319
375 376
306 272
319 320
319 49
239 177
320 302
320 331
532 533
302 126
239 375
302 332
126 93
126 170
235 202
93 321
382 383
155 74
84 530
155 382
73 51
73 155
84 211
381 203
381 73
61 210
530 169
61 381
380 391
380 61
530 54
42 390
42 380
379 304
78 386
385 182
17 83
270 395
270 385
277 192
529 23
277 270
56 394
56 277
529 208
384 252
384 56
18 212
23 84
18 384
383 393
383 18
23 540
382 392
206 389
11 539
388 400
388 206
75 279
173 90
75 388
177 399
177 75
173 253
202 398
202 177
387 162
90 282
387 202
386 397
386 387
17 529
78 396
203 51
210 125
210 203
528 158
391 284
391 210
390 70
67 11
390 391
304 402
304 390
67 538
146 401
146 304
389 5
11 173
389 146
206 268
394 192
252 228
9 527
252 394
212 404
212 252
9 266
393 111
393 212
392 141
527 528
392 393
74 303
74 392
527 52
51 275
51 74
203 403
528 67
284 125
522 535
284 238
125 403
125 411
522 523
70 410
401 402
523 165
401 409
402 70
402 260
523 524
70 284
400 408
268 5
268 57
524 525
5 401
5 91
399 279
399 407
525 526
279 400
279 114
400 268
524 536
526 8
162 398
162 214
398 399
525 537
398 97
182 96
396 397
526 250
396 152
397 162
397 309
394 50
8 43
192 395
192 405
395 182
8 9
395 406
156
1 157
2 158
3 159
4 160
5 161
6 162
7 163
8 164
9 165
10 166
11 167
12 168
13 169
14 170
15 171
16 172
17 173
18 174
19 175
20 176
21 177
22 178
23 179
24 180
25 181
26 182
27 183
28 184
29 185
30 186
31 187
32 188
33 189
34 190
35 191
36 192
37 193
38 194
39 195
40 196
41 197
42 198
43 199
44 200
45 201
46 202
47 203
48 204
49 205
50 206
51 207
52 208
53 209
54 210
55 211
56 212
57 213
58 214
59 215
60 216
61 217
62 218
63 219
64 220
65 221
66 222
67 223
68 224
69 225
70 226
71 227
72 228
73 229
74 230
75 231
76 232
77 233
78 234
79 235
80 236
81 237
82 238
83 239
84 240
85 241
86 242
87 243
88 244
89 245
90 246
91 247
92 248
93 249
94 250
95 251
96 252
97 253
98 254
99 255
100 256
101 257
102 258
103 259
104 260
105 261
106 262
107 263
108 264
109 265
110 266
111 267
112 268
113 269
114 270
115 271
116 272
117 273
118 274
119 275
120 276
121 277
122 278
123 279
124 280
125 281
126 282
127 283
128 284
129 285
130 286
131 287
132 288
133 289
134 290
135 291
136 292
137 293
138 294
139 295
140 296
141 297
142 298
143 299
144 300
145 301
146 302
147 303
148 304
149 305
150 306
151 307
152 308
153 309
154 310
155 311
156 312