625 1200
599 624
600 625
601 602
602 603
603 604
604 605
605 606
606 607
607 608
608 609
609 610
610 611
611 612
612 613
613 614
614 615
615 616
616 617
617 618
618 619
624 625
619 620
620 621
621 622
623 624
622 623
578 603
579 580
579 604
580 581
580 605
581 582
581 606
582 583
582 607
583 584
583 608
584 585
584 609
585 586
585 610
586 587
586 611
587 588
587 612
588 589
588 613
589 590
589 614
590 591
590 615
591 592
591 616
592 593
592 617
593 594
593 618
594 595
594 619
595 596
595 620
596 597
596 621
597 598
597 622
598 599
598 623
599 600
556 581
557 558
557 582
558 559
558 583
559 560
559 584
560 561
560 585
561 562
561 586
562 563
562 587
563 564
563 588
564 565
564 589
565 566
565 590
566 567
566 591
567 568
567 592
568 569
568 593
569 570
569 594
570 571
570 595
571 572
571 596
572 573
572 597
573 574
573 598
574 575
574 599
575 600
576 577
576 601
577 578
577 602
578 579
535 536
535 560
536 537
536 561
537 538
537 562
538 539
538 563
539 540
539 564
540 541
540 565
541 542
541 566
542 543
542 567
543 544
543 568
544 545
544 569
545 546
545 570
546 547
546 571
547 548
547 572
548 549
548 573
549 550
549 574
550 575
551 552
551 576
552 553
552 577
553 554
553 578
554 555
554 579
555 556
555 580
556 557
513 538
514 515
514 539
515 516
515 540
516 517
516 541
517 518
517 542
518 519
518 543
519 520
519 544
520 521
520 545
521 522
521 546
522 523
522 547
523 524
523 548
524 525
524 549
525 550
526 527
526 551
527 528
527 552
528 529
528 553
529 530
529 554
530 531
530 555
531 532
531 556
532 533
532 557
533 534
533 558
534 535
534 559
491 516
492 493
492 517
493 494
493 518
494 495
494 519
495 496
495 520
496 497
496 521
497 498
497 522
498 499
498 523
499 500
499 524
500 525
501 502
501 526
502 503
502 527
503 504
503 528
504 505
504 529
505 506
505 530
506 507
506 531
507 508
507 532
508 509
508 533
509 510
509 534
510 511
510 535
511 512
511 536
512 513
512 537
513 514
470 471
470 495
471 472
471 496
472 473
472 497
473 474
473 498
474 475
474 499
475 500
476 477
476 501
477 478
477 502
478 479
478 503
479 480
479 504
480 481
480 505
481 482
481 506
482 483
482 507
483 484
483 508
484 485
484 509
485 486
485 510
486 487
486 511
487 488
487 512
488 489
488 513
489 490
489 514
490 491
490 515
491 492
448 473
449 450
449 474
450 475
451 452
451 476
452 453
452 477
453 454
453 478
454 455
454 479
455 456
455 480
456 457
456 481
457 458
457 482
458 459
458 483
459 460
459 484
460 461
460 485
461 462
461 486
462 463
462 487
463 464
463 488
464 465
464 489
465 466
465 490
466 467
466 491
467 468
467 492
468 469
468 493
469 470
469 494
341 342
362 387
341 366
342 343
342 367
362 363
343 344
343 368
344 345
361 386
344 369
345 346
345 370
361 362
346 347
346 371
347 348
360 385
347 372
348 349
348 373
360 361
349 350
349 374
350 375
359 384
351 352
351 376
352 353
359 360
352 377
353 354
353 378
358 383
354 355
354 379
355 356
358 359
355 380
356 357
356 381
357 382
357 358
443 444
443 468
444 445
444 469
445 446
445 470
446 447
446 471
447 448
447 472
448 449
319 344
369 394
320 321
320 345
321 322
369 370
321 346
322 323
322 347
368 393
323 324
323 348
324 325
368 369
324 349
325 350
326 327
367 392
326 351
327 328
327 352
367 368
328 329
328 353
329 330
366 391
329 354
330 331
330 355
366 367
331 332
331 356
332 333
365 390
332 357
333 334
333 358
365 366
334 335
334 359
335 336
364 389
335 360
336 337
336 361
364 365
337 338
337 362
338 339
363 388
338 363
339 340
339 364
363 364
340 341
340 365
298 299
377 378
298 323
299 300
299 324
376 401
300 325
301 302
301 326
376 377
302 303
302 327
303 304
375 400
303 328
304 305
304 329
374 399
305 306
305 330
306 307
374 375
306 331
307 308
307 332
373 398
308 309
308 333
309 310
373 374
309 334
310 311
310 335
372 397
311 312
311 336
312 313
372 373
312 337
313 314
313 338
371 396
314 315
314 339
315 316
371 372
315 340
316 317
316 341
370 395
317 318
317 342
318 319
370 371
318 343
319 320
276 301
277 278
384 385
277 302
278 279
278 303
383 408
279 280
279 304
280 281
383 384
280 305
281 282
281 306
382 407
282 283
282 307
283 284
382 383
283 308
284 285
284 309
381 406
285 286
285 310
286 287
381 382
286 311
287 288
287 312
380 405
288 289
288 313
289 290
380 381
289 314
290 291
290 315
379 404
291 292
291 316
292 293
379 380
292 317
293 294
293 318
378 403
294 295
294 319
295 296
378 379
295 320
296 297
296 321
377 402
297 298
297 322
255 256
255 280
391 392
256 257
256 281
257 258
390 415
257 282
258 259
258 283
390 391
259 260
259 284
260 261
389 414
260 285
261 262
261 286
389 390
262 263
262 287
263 264
388 413
263 288
264 265
264 289
388 389
265 266
265 290
266 267
387 412
266 291
267 268
267 292
387 388
268 269
268 293
269 270
386 411
269 294
270 271
270 295
386 387
271 272
271 296
272 273
385 410
272 297
273 274
273 298
385 386
274 275
274 299
275 300
384 409
276 277
233 258
234 235
398 399
234 259
235 236
235 260
397 422
236 237
236 261
237 238
397 398
237 262
238 239
238 263
396 421
239 240
239 264
240 241
396 397
240 265
241 242
241 266
395 420
242 243
242 267
243 244
395 396
243 268
244 245
244 269
394 419
245 246
245 270
246 247
394 395
246 271
247 248
247 272
393 418
248 249
248 273
249 250
393 394
249 274
250 275
251 252
392 417
251 276
252 253
252 277
392 393
253 254
253 278
254 255
391 416
254 279
211 236
212 213
212 237
405 430
213 214
213 238
214 215
405 406
214 239
215 216
215 240
404 429
216 217
216 241
217 218
404 405
217 242
218 219
218 243
403 428
219 220
219 244
220 221
403 404
220 245
221 222
221 246
402 427
222 223
222 247
223 224
402 403
223 248
224 225
224 249
401 426
225 250
226 227
226 251
401 402
227 228
227 252
228 229
400 425
228 253
229 230
229 254
399 424
230 231
230 255
231 232
399 400
231 256
232 233
232 257
398 423
233 234
190 191
190 215
191 192
412 437
191 216
192 193
192 217
412 413
193 194
193 218
194 195
411 436
194 219
195 196
195 220
411 412
196 197
196 221
197 198
410 435
197 222
198 199
198 223
410 411
199 200
199 224
200 225
409 434
201 202
201 226
202 203
409 410
202 227
203 204
203 228
408 433
204 205
204 229
205 206
408 409
205 230
206 207
206 231
407 432
207 208
207 232
208 209
407 408
208 233
209 210
209 234
406 431
210 211
210 235
211 212
406 407
79 104
107 132
80 81
80 105
440 465
81 82
107 108
81 106
82 83
82 107
106 131
83 84
83 108
84 85
106 107
84 109
85 86
441 442
85 110
105 130
86 87
86 111
87 88
105 106
87 112
88 89
88 113
104 129
89 90
89 114
441 466
90 91
104 105
90 115
91 92
91 116
103 128
92 93
92 117
93 94
103 104
93 118
94 95
442 443
94 119
102 127
95 96
95 120
96 97
102 103
96 121
97 98
97 122
101 126
98 99
98 123
442 467
99 100
101 102
99 124
100 125
57 82
438 439
58 59
114 139
58 83
59 60
59 84
114 115
60 61
60 85
61 62
113 138
61 86
62 63
438 463
62 87
113 114
63 64
63 88
64 65
112 137
64 89
65 66
65 90
112 113
66 67
66 91
439 440
67 68
111 136
67 92
68 69
68 93
111 112
69 70
69 94
70 71
110 135
70 95
71 72
439 464
71 96
110 111
72 73
72 97
73 74
109 134
73 98
74 75
74 99
109 110
75 100
76 77
440 441
76 101
108 133
77 78
77 102
78 79
108 109
78 103
79 80
36 37
36 61
121 146
37 38
37 62
38 39
121 122
38 63
39 40
436 437
39 64
120 145
40 41
40 65
41 42
120 121
41 66
42 43
42 67
119 144
43 44
43 68
436 461
44 45
119 120
44 69
45 46
45 70
118 143
46 47
46 71
47 48
118 119
47 72
48 49
437 438
48 73
117 142
49 50
49 74
50 75
117 118
51 52
51 76
52 53
116 141
52 77
53 54
437 462
53 78
116 117
54 55
54 79
55 56
115 140
55 80
56 57
56 81
115 116
57 58
14 39
15 16
129 130
15 40
16 17
433 458
16 41
128 153
17 18
17 42
18 19
128 129
18 43
19 20
19 44
127 152
20 21
20 45
434 435
21 22
127 128
21 46
22 23
22 47
126 151
23 24
23 48
24 25
126 127
24 49
25 50
434 459
26 27
125 150
26 51
27 28
27 52
124 149
28 29
28 53
29 30
124 125
29 54
30 31
435 436
30 55
123 148
31 32
31 56
32 33
123 124
32 57
33 34
33 58
122 147
34 35
34 59
435 460
35 36
122 123
35 60
431 432
136 137
135 160
135 136
431 456
134 159
134 135
1 2
1 26
133 158
2 3
2 27
432 433
3 4
133 134
3 28
4 5
4 29
132 157
5 6
5 30
6 7
132 133
6 31
7 8
432 457
7 32
131 156
8 9
8 33
9 10
131 132
9 34
10 11
10 35
130 155
11 12
11 36
433 434
12 13
130 131
12 37
13 14
13 38
129 154
14 15
143 144
142 167
429 430
142 143
141 166
141 142
429 454
140 165
140 141
139 164
430 431
139 140
138 163
138 139
430 455
137 162
137 138
136 161
151 152
150 175
426 451
149 174
149 150
148 173
427 428
148 149
147 172
147 148
427 452
146 171
146 147
145 170
428 429
145 146
144 169
144 145
428 453
143 168
158 159
423 448
157 182
157 158
156 181
424 425
156 157
155 180
155 156
424 449
154 179
154 155
153 178
425 450
153 154
152 177
152 153
426 427
151 176
165 166
164 189
164 165
421 446
163 188
163 164
162 187
422 423
162 163
161 186
161 162
422 447
160 185
160 161
159 184
423 424
159 160
158 183
172 173
171 196
419 420
171 172
170 195
170 171
419 444
169 194
169 170
168 193
420 421
168 169
167 192
167 168
420 445
166 191
166 167
165 190
421 422
188 189
413 438
188 213
189 190
189 214
413 414
187 212
185 186
414 439
185 210
186 187
186 211
414 415
187 188
182 207
183 184
183 208
415 416
184 185
184 209
180 181
180 205
416 417
181 182
181 206
182 183
415 440
417 418
178 179
178 203
179 180
416 441
179 204
175 200
176 177
417 442
176 201
177 178
177 202
172 197
418 443
173 174
173 198
174 175
418 419
174 199
156
180 371
458 237
21 26
22 434
248 343
178 259
142 312
430 20
42 284
528 69
126 32
544 113
70 491
149 462
448 478
425 267
564 275
222 173
50 193
105 182
169 580
513 388
301 551
194 408
150 609
370 192
402 352
401 186
617 472
255 353
503 471
93 122
306 85
123 195
297 36
541 246
231 165
71 416
320 291
156 112
567 533
209 59
610 360
508 349
572 624
204 409
377 602
357 253
482 249
546 577
393 143
614 121
298 1
266 443
206 469
188 415
35 620
17 54
345 232
218 52
524 31
184 615
250 252
625 185
463 283
596 108
476 290
438 417
251 362
331 66
152 444
427 586
381 521
147 94
97 342
270 619
333 307
562 133
332 57
356 452
497 177
27 561
202 334
261 99
591 127
279 421
399 566
447 187
622 593
293 380
219 604
542 606
486 337
611 489
368 378
10 526
256 61
166 520
134 174
213 176
243 67
210 411
488 324
9 47
502 439
509 515
545 72
344 46
75 109
114 98
309 569
316 48
583 39
338 550
422 220
516 600
428 347
236 484
136 179
414 361
464 453
532 217
403 330
281 208
386 212
305 522
315 244
6 241
599 277
30 351
8 102
341 440
540 87
190 285
555 119
391 578
289 199
442 466
565 326
559 457
172 480
365 518
89 369
265 80
262 103
196 65
506 118
160 23
254 73
263 590
191 592
327 359
15 568
128 43
273 295
7 413