625 1200
15 624
54 625
94 174
174 106
106 614
614 151
151 615
615 200
200 300
300 209
209 616
616 617
617 618
618 113
113 619
619 2
2 52
52 620
620 621
621 102
624 625
102 622
622 260
260 623
160 624
623 160
95 106
276 118
276 614
118 207
118 151
207 31
207 615
31 97
31 200
97 270
97 300
270 183
270 209
183 601
183 616
601 602
601 617
602 603
602 618
603 604
603 113
604 605
604 619
605 606
605 2
606 607
606 52
607 608
607 620
608 609
608 621
609 610
609 102
610 611
610 622
611 612
611 260
612 613
612 623
613 15
613 160
15 54
587 207
128 588
128 31
588 18
588 97
18 589
18 270
589 79
589 183
79 590
79 601
590 591
590 602
591 592
591 603
592 593
592 604
593 249
593 605
249 594
249 606
594 595
594 607
595 596
595 608
596 60
596 609
60 278
60 610
278 597
278 611
597 598
597 612
598 599
598 613
599 600
599 15
600 54
169 223
169 94
223 95
223 174
95 276
576 265
576 589
265 228
265 79
228 111
228 590
111 279
111 591
279 148
279 592
148 577
148 593
577 578
577 249
578 248
578 594
248 579
248 595
579 580
579 596
580 44
580 60
44 581
44 278
581 582
581 597
582 119
582 598
119 583
119 599
583 600
32 584
32 169
584 14
584 223
14 585
14 95
585 586
585 276
586 587
586 118
587 128
38 111
233 76
233 279
76 194
76 148
194 566
194 577
566 241
566 578
241 567
241 248
567 568
567 579
568 569
568 580
569 308
569 44
308 570
308 581
570 571
570 582
571 6
571 119
6 583
187 572
187 32
572 33
572 584
33 57
33 14
57 177
57 585
177 573
177 586
573 80
573 587
80 574
80 128
574 575
574 588
575 576
575 18
163 194
554 555
554 566
555 556
555 241
556 293
556 567
293 297
293 568
297 557
297 569
557 167
557 308
167 245
167 570
245 129
245 571
129 6
558 559
558 187
559 560
559 572
560 292
560 33
292 152
292 57
152 561
152 177
561 562
561 573
562 563
562 80
563 78
563 574
78 564
78 575
564 56
564 576
56 565
56 265
565 38
565 228
38 233
546 203
546 293
203 109
203 297
109 547
109 557
547 548
547 167
548 259
548 245
259 129
155 188
155 558
188 69
188 559
69 311
69 560
311 549
311 292
549 141
549 152
141 550
141 561
550 551
550 562
551 24
551 563
24 182
24 78
182 162
182 564
162 552
162 56
552 104
552 565
104 553
104 38
553 263
553 233
263 163
263 76
163 554
216 547
28 541
28 548
541 259
123 542
123 155
542 137
542 188
137 165
137 69
165 135
165 311
135 208
135 549
208 59
208 141
59 281
59 550
281 124
281 551
124 158
124 24
158 543
158 182
543 114
543 162
114 544
114 552
544 131
544 104
131 294
131 553
294 262
294 263
262 217
262 163
217 258
217 554
258 545
258 555
545 546
545 556
482 122
19 506
482 139
122 12
122 299
19 494
12 483
12 495
483 484
202 505
483 85
484 90
484 30
202 19
90 485
90 496
485 486
493 91
485 497
486 67
486 498
493 202
67 487
67 499
487 500
492 504
488 489
488 501
489 490
492 493
489 27
490 70
490 172
491 503
70 225
70 219
225 271
491 492
225 502
271 291
271 62
291 175
291 491
115 539
115 258
539 64
539 545
64 540
64 546
540 298
540 203
298 216
298 109
216 28
171 483
85 49
471 146
471 484
146 86
85 30
146 90
86 472
86 485
495 509
472 55
472 486
55 287
495 85
55 67
287 487
473 99
299 13
473 488
99 474
99 489
299 495
474 475
474 490
475 82
139 508
475 70
82 476
82 225
139 299
476 3
476 271
3 477
220 507
3 291
477 478
477 491
220 139
478 479
478 492
479 237
112 179
479 493
237 480
237 202
112 220
480 481
480 19
481 83
494 39
481 494
83 205
83 112
494 112
205 482
205 220
103 296
27 172
103 472
296 240
296 55
501 36
240 287
465 17
465 473
501 27
17 88
17 99
88 173
500 117
88 474
173 466
173 475
499 1
466 145
466 82
145 467
499 500
145 476
467 295
467 3
498 184
295 468
295 477
468 41
498 499
468 478
41 212
41 479
497 195
212 196
212 237
196 469
497 498
196 480
469 204
469 481
496 511
204 236
204 83
236 120
496 497
236 205
120 25
120 482
30 510
25 470
25 122
470 171
30 496
470 12
171 471
452 465
29 453
504 91
29 17
453 178
453 88
503 517
178 454
178 173
454 215
503 504
454 466
215 455
215 145
175 516
455 4
455 467
4 456
175 503
4 295
456 457
456 468
62 515
457 458
457 41
458 45
62 175
458 212
45 459
45 196
502 149
459 460
459 469
460 461
502 62
460 204
461 231
461 236
219 514
231 243
231 120
243 43
219 502
243 25
43 266
43 470
172 513
266 462
266 171
462 463
172 219
462 471
463 464
463 146
27 512
464 103
464 86
87 441
87 454
508 13
441 121
441 215
121 143
507 522
121 455
143 246
143 4
507 508
246 442
246 456
442 154
179 521
442 457
154 443
154 458
179 507
443 307
443 45
307 10
39 520
307 459
10 234
10 460
39 179
234 257
234 461
257 444
506 519
257 231
444 66
444 243
506 39
66 445
66 43
445 446
505 518
445 266
446 447
446 462
505 506
447 448
447 463
448 449
91 125
448 464
449 450
449 103
91 505
450 451
450 296
451 240
504 37
452 29
303 143
92 280
184 1
92 246
280 428
280 442
195 42
428 429
428 154
429 430
195 184
429 443
430 431
430 307
511 527
431 432
431 10
432 40
511 195
432 234
40 433
40 257
510 526
433 434
433 444
434 7
510 511
434 66
7 269
7 445
49 525
269 435
269 446
435 153
49 510
435 447
153 436
153 448
509 524
436 437
436 449
437 438
509 49
437 450
438 451
180 439
13 523
180 452
439 96
439 29
13 509
96 440
96 453
440 87
508 221
440 178
84 428
417 418
417 429
149 533
418 419
418 430
419 140
149 515
419 431
140 290
140 432
514 532
290 51
290 40
51 267
514 149
51 433
267 8
267 434
513 531
8 199
8 7
199 134
513 514
199 269
134 420
134 435
512 530
420 285
420 153
285 421
512 513
285 436
421 422
421 437
36 73
422 438
198 423
198 180
36 512
423 424
423 439
424 425
117 58
424 96
425 312
425 440
1 529
312 426
312 87
426 427
1 117
426 441
427 303
427 121
184 528
303 92
403 404
403 140
404 405
519 283
404 290
405 214
405 51
519 520
214 406
214 267
406 407
518 535
406 8
407 256
407 199
518 519
256 309
256 134
309 408
125 244
309 420
408 409
408 285
125 518
409 410
409 421
410 422
37 16
411 72
411 198
72 412
37 125
72 423
412 413
412 424
517 247
413 157
413 425
157 414
517 37
157 312
414 229
414 426
516 206
229 415
229 427
415 156
516 517
415 303
156 416
156 92
515 534
416 84
416 280
84 417
515 516
98 362
363 71
301 349
301 227
536 294
349 350
363 144
349 161
350 136
350 363
161 304
136 351
136 144
351 352
161 363
351 364
352 107
537 538
352 365
227 375
107 133
107 366
133 46
227 161
133 367
46 238
46 232
362 254
238 353
238 368
537 262
353 354
362 227
353 369
354 108
354 186
361 374
108 355
108 282
355 277
361 362
355 26
277 189
538 115
277 370
360 61
189 356
189 132
356 357
360 361
356 371
357 288
357 372
170 20
288 358
288 213
538 217
358 359
170 360
358 373
359 126
337 350
116 226
338 339
368 378
338 136
339 340
339 351
368 369
340 284
340 352
284 89
232 377
284 107
89 159
116 544
89 133
232 368
159 341
159 46
341 342
367 376
341 238
342 343
342 353
367 232
343 53
343 354
226 536
53 344
366 105
53 108
344 345
344 355
366 367
345 192
345 277
192 210
365 272
192 189
210 286
226 131
210 356
365 366
286 346
286 357
346 347
364 50
346 288
347 348
347 358
364 365
348 359
201 250
536 537
201 170
144 127
250 147
250 360
147 98
144 364
147 361
98 301
325 326
325 284
371 35
326 168
326 89
168 327
371 372
168 159
327 197
535 283
327 341
132 275
197 138
197 342
138 176
132 371
138 343
176 328
176 53
370 74
328 329
328 344
535 543
329 330
370 132
329 345
330 110
330 192
26 211
110 34
110 210
34 331
26 370
34 286
331 332
283 116
331 346
282 23
332 193
332 347
193 348
282 26
239 333
239 201
333 334
186 380
333 250
334 21
283 114
334 147
186 282
21 335
21 98
335 336
369 379
335 301
336 337
336 349
369 186
337 338
319 327
251 47
254 375
251 197
47 100
247 281
47 138
374 382
100 268
100 176
268 77
374 254
268 328
77 68
77 329
61 381
68 235
68 330
16 244
235 273
61 374
235 110
273 242
273 34
20 224
242 274
242 331
274 190
20 61
274 332
190 193
16 124
320 306
126 142
320 239
306 310
306 333
373 289
310 321
310 334
321 322
373 126
321 21
322 323
244 535
322 335
213 101
323 324
323 336
324 48
213 373
324 337
48 164
48 338
372 11
164 63
164 339
244 158
63 325
372 213
63 340
534 206
105 376
272 181
272 105
534 208
50 386
50 272
93 313
93 320
127 385
313 314
313 306
206 247
314 315
127 50
314 310
315 316
315 321
71 255
316 166
316 322
166 75
71 127
166 323
75 317
206 59
75 324
304 384
317 318
317 48
318 230
304 71
318 164
230 22
230 63
375 383
22 130
22 325
247 16
130 261
375 304
130 326
261 319
261 168
254 264
319 251
211 74
23 391
532 533
23 211
380 9
380 23
532 165
379 390
379 380
378 252
533 534
378 379
377 389
377 378
533 135
376 388
376 377
105 387
224 381
142 394
73 123
289 81
289 142
101 218
530 531
101 289
11 5
11 101
530 542
35 305
35 11
275 393
531 532
275 35
74 65
74 275
531 137
211 392
385 386
528 216
255 191
255 385
384 400
529 58
384 255
383 399
383 384
529 28
264 398
264 383
382 397
58 541
382 264
381 396
381 382
73 530
224 395
390 9
252 253
252 390
527 540
389 150
389 252
388 222
42 528
388 389
387 185
387 388
42 298
181 302
181 387
386 402
528 529
386 181
385 401
5 218
305 256
525 526
305 5
393 407
393 305
525 539
65 406
65 393
392 214
526 527
392 65
391 405
391 392
526 64
9 404
9 391
390 403
527 42
150 253
520 116
150 418
253 403
253 419
520 521
222 417
302 185
521 226
302 416
185 222
185 84
521 522
222 150
191 229
401 402
401 415
522 221
402 302
402 156
399 400
399 157
221 523
400 191
400 414
191 401
522 536
523 524
397 398
397 412
398 399
221 537
398 413
394 410
395 396
523 538
395 411
396 397
396 72
5 309
524 115
218 81
218 408
81 394
524 525
81 409
156
1 157
2 158
3 159
4 160
5 161
6 162
7 163
8 164
9 165
10 166
11 167
12 168
13 169
14 170
15 171
16 172
17 173
18 174
19 175
20 176
21 177
22 178
23 179
24 180
25 181
26 182
27 183
28 184
29 185
30 186
31 187
32 188
33 189
34 190
35 191
36 192
37 193
38 194
39 195
40 196
41 197
42 198
43 199
44 200
45 201
46 202
47 203
48 204
49 205
50 206
51 207
52 208
53 209
54 210
55 211
56 212
57 213
58 214
59 215
60 216
61 217
62 218
63 219
64 220
65 221
66 222
67 223
68 224
69 225
70 226
71 227
72 228
73 229
74 230
75 231
76 232
77 233
78 234
79 235
80 236
81 237
82 238
83 239
84 240
85 241
86 242
87 243
88 244
89 245
90 246
91 247
92 248
93 249
94 250
95 251
96 252
97 253
98 254
99 255
100 256
101 257
102 258
103 259
104 260
105 261
106 262
107 263
108 264
109 265
110 266
111 267
112 268
113 269
114 270
115 271
116 272
117 273
118 274
119 275
120 276
121 277
122 278
123 279
124 280
125 281
126 282
127 283
128 284
129 285
130 286
131 287
132 288
133 289
134 290
135 291
136 292
137 293
138 294
139 295
140 296
141 297
142 298
143 299
144 300
145 301
146 302
147 303
148 304
149 305
150 306
151 307
152 308
153 309
154 310
155 311
156 312