625 1200
129 201
272 64
615 203
203 616
616 247
247 617
617 248
248 618
618 619
619 181
181 43
43 94
94 620
620 621
621 52
52 218
218 622
622 29
29 623
623 232
201 64
232 213
213 624
624 89
625 201
89 625
292 616
603 177
603 247
177 604
177 617
604 605
604 248
605 113
605 618
113 606
113 619
606 607
606 181
607 228
607 43
228 608
228 94
608 609
608 620
609 610
609 621
610 306
610 52
306 85
306 218
85 307
85 622
307 245
307 29
245 611
245 623
611 612
611 232
612 66
612 213
66 613
66 624
613 614
613 89
614 129
614 625
129 272
592 604
593 594
593 605
594 140
594 113
140 595
140 606
595 238
595 607
238 78
238 228
78 596
78 608
596 17
596 609
17 139
17 610
139 243
139 306
243 41
243 85
41 309
41 307
309 267
309 245
267 597
267 611
597 598
597 612
598 45
598 66
45 599
45 613
599 600
599 614
600 601
600 129
601 272
602 206
602 615
206 292
206 203
292 603
580 581
580 595
581 582
581 238
582 583
582 78
583 584
583 596
584 133
584 17
133 36
133 139
36 92
36 243
92 585
92 41
585 12
585 309
12 107
12 267
107 50
107 597
50 586
50 598
586 587
586 45
587 588
587 599
588 270
588 600
270 601
179 589
179 602
589 590
589 206
590 591
590 292
591 135
591 603
135 592
135 177
592 593
22 583
570 262
570 584
262 116
262 133
116 571
116 36
571 298
571 92
298 572
298 585
572 254
572 12
254 229
254 107
229 282
229 50
282 573
282 586
573 61
573 587
61 574
61 588
574 270
252 575
252 179
575 10
575 589
10 576
10 590
576 577
576 591
577 578
577 135
578 122
578 592
122 197
122 593
197 579
197 594
579 580
579 140
169 116
555 556
555 571
556 557
556 298
557 558
557 572
558 559
558 254
559 81
559 229
81 560
81 282
560 561
560 573
561 562
561 61
562 574
563 105
563 252
105 31
105 575
31 564
31 10
564 565
564 576
565 147
565 577
147 566
147 578
566 44
566 122
44 106
44 197
106 567
106 579
567 568
567 580
568 569
568 581
569 22
569 582
22 570
544 187
544 558
187 185
187 559
185 545
185 81
545 546
545 560
546 547
546 561
547 562
67 548
67 563
548 171
548 105
171 549
171 31
549 297
549 564
297 550
297 565
550 49
550 147
49 551
49 566
551 274
551 44
274 552
274 106
552 93
552 567
93 553
93 568
553 103
553 569
103 250
103 22
250 554
250 570
554 169
554 262
169 555
15 545
532 533
532 546
533 547
534 236
534 67
236 277
236 548
277 535
277 171
535 536
535 549
536 537
536 297
537 296
537 550
296 2
296 49
2 538
2 551
538 539
538 274
539 540
539 552
540 170
540 93
170 65
170 553
65 121
65 103
121 541
121 250
541 294
541 554
294 542
294 169
542 543
542 555
543 211
543 556
211 544
211 557
132 231
225 500
132 488
231 161
231 489
225 486
161 108
161 95
108 59
276 125
108 299
59 480
59 26
276 225
480 273
480 157
273 481
199 499
273 490
481 200
481 491
199 276
200 482
200 492
482 493
308 498
286 183
286 494
183 186
308 199
183 47
186 483
186 251
485 497
483 484
483 495
484 80
485 308
484 246
80 48
80 73
48 496
48 485
210 227
210 543
227 530
227 211
530 531
530 544
531 88
531 187
88 15
88 185
15 532
469 108
299 504
39 470
39 59
470 471
299 26
470 480
471 472
471 273
95 51
472 259
472 481
259 473
95 299
259 200
473 482
295 152
489 503
295 286
152 474
152 183
489 95
474 475
474 186
475 279
488 136
475 483
279 70
279 484
488 489
70 79
70 80
79 77
142 502
79 48
77 239
77 485
142 488
239 476
239 308
476 477
487 501
476 199
477 249
477 276
487 142
249 114
249 225
114 478
486 178
114 486
478 479
478 487
486 487
479 132
479 142
53 457
47 251
53 472
457 458
457 259
494 28
458 473
23 459
23 295
494 47
459 460
459 152
460 461
493 509
460 474
461 126
461 475
492 87
126 33
126 279
33 233
492 493
33 70
233 462
233 79
491 508
462 111
462 77
111 463
491 492
111 239
463 464
463 476
490 507
464 163
464 477
163 465
490 491
163 249
465 466
465 114
157 506
466 127
466 478
127 112
157 490
127 479
112 467
112 132
26 505
467 468
467 231
468 469
26 157
468 161
469 39
447 23
285 448
498 499
285 459
448 86
448 460
497 180
86 449
86 461
449 124
497 498
449 126
124 450
124 33
496 513
450 221
450 233
221 165
496 497
221 462
165 290
165 111
73 512
290 451
290 463
451 452
73 496
451 464
452 453
452 163
246 511
453 137
453 465
137 223
246 73
137 466
223 195
223 127
495 510
195 454
195 112
454 90
495 246
454 467
90 455
90 468
251 123
455 311
455 469
311 456
251 495
311 39
456 35
456 470
47 27
35 53
35 471
30 97
30 449
136 503
97 438
97 124
438 439
502 212
438 450
439 162
439 221
502 136
162 440
162 165
440 84
501 120
440 290
84 145
84 451
501 502
145 150
145 452
150 441
178 312
150 453
441 144
441 137
178 501
144 54
144 223
54 172
500 515
54 195
172 442
172 454
500 178
442 443
442 90
443 76
125 258
443 455
76 444
76 311
125 500
444 445
444 456
445 155
499 514
445 35
155 446
155 53
499 125
446 173
446 457
173 458
498 202
447 285
429 439
430 431
508 87
430 162
431 118
431 440
507 115
118 158
118 84
158 432
507 508
158 145
432 433
432 150
506 242
433 434
433 441
434 284
506 507
434 144
284 435
284 54
505 518
435 101
435 172
101 283
505 506
101 442
283 436
283 443
504 517
436 192
436 76
192 437
504 505
192 444
437 5
437 445
51 516
5 205
5 155
205 63
51 504
205 446
63 173
69 219
503 224
69 447
219 204
219 285
503 51
204 149
204 448
149 30
136 194
149 86
416 118
281 100
281 158
511 8
100 417
100 432
417 418
511 512
417 433
418 419
418 434
510 522
419 278
419 284
278 60
510 511
278 435
60 91
60 101
123 117
91 271
91 283
271 420
123 510
271 436
420 18
420 192
27 72
18 421
18 437
421 422
27 123
421 5
422 423
422 205
28 521
423 63
424 425
424 69
28 27
425 426
425 219
426 427
509 16
426 204
427 428
427 149
87 520
428 37
428 30
37 215
87 509
37 97
215 429
215 438
508 519
429 430
134 151
134 418
151 182
515 528
151 419
182 175
182 278
515 312
175 24
175 60
24 190
258 527
24 91
190 146
190 271
258 515
146 409
146 420
409 410
514 526
409 18
410 293
410 421
514 258
293 411
293 422
411 423
202 160
412 83
412 424
83 413
202 514
83 425
413 46
413 426
180 525
46 414
46 427
414 55
180 202
414 428
55 415
55 37
513 524
415 280
415 215
280 42
513 180
280 429
42 102
42 430
512 523
102 416
102 431
416 281
512 513
351 365
367 379
300 352
300 20
288 541
352 353
367 222
352 366
353 354
353 367
366 378
354 355
354 222
355 189
366 367
355 265
189 356
529 138
189 368
20 377
356 289
356 369
289 357
20 366
289 196
357 143
357 168
365 376
143 358
143 110
529 294
358 359
365 20
358 370
359 360
359 371
301 154
360 32
360 372
32 230
301 365
32 303
230 361
138 210
230 291
287 241
361 362
361 373
362 75
287 301
362 208
75 266
75 188
364 11
266 240
266 34
138 542
240 363
364 287
240 374
363 375
235 353
68 261
341 198
110 383
341 354
198 342
198 355
110 370
342 253
342 189
253 343
168 382
253 356
343 344
68 65
343 289
168 110
344 345
344 357
345 302
196 381
345 143
302 226
302 358
196 168
226 257
226 359
261 288
257 346
369 119
257 360
346 166
346 32
369 196
166 13
166 230
13 38
368 380
13 361
38 263
261 121
38 362
368 369
263 305
263 75
305 347
265 99
305 266
347 109
347 240
265 368
109 363
348 349
288 529
348 364
222 234
349 350
349 287
350 351
222 265
350 301
351 300
191 330
191 253
208 388
330 331
330 343
331 269
208 188
331 344
269 332
527 528
269 345
373 387
332 333
332 302
333 9
373 208
333 226
9 310
9 257
291 386
310 334
310 346
527 540
334 335
291 373
334 166
335 264
335 13
303 207
264 260
264 38
260 268
303 291
260 263
268 336
528 68
268 305
372 7
336 19
336 347
19 109
372 303
337 216
337 348
216 338
371 385
216 349
338 214
528 170
338 350
371 372
214 339
214 351
339 340
370 384
339 300
340 235
340 352
370 371
235 341
320 269
153 321
376 377
153 332
321 58
525 2
321 333
154 391
58 322
58 9
322 323
154 376
322 310
323 164
323 334
241 71
164 3
164 335
160 526
3 4
241 154
3 264
4 304
4 260
11 390
304 324
304 268
324 325
11 241
324 336
325 19
160 538
159 82
375 25
159 337
82 326
82 216
374 14
326 327
326 338
327 130
374 375
327 214
130 217
526 527
130 339
34 389
217 167
217 340
167 328
34 374
167 235
328 329
328 341
188 74
329 57
329 198
526 539
57 191
188 34
57 342
523 524
119 381
380 148
380 119
523 537
99 396
99 380
209 313
209 159
234 395
313 314
313 82
524 525
314 315
234 99
314 326
315 316
315 327
379 394
316 128
316 130
128 156
379 234
128 217
156 131
524 296
156 167
378 40
131 104
131 328
104 96
378 379
104 329
96 317
96 57
377 393
317 318
317 191
525 160
318 319
377 378
318 330
319 320
319 331
376 392
320 153
207 386
7 401
522 8
7 207
385 98
385 7
522 535
384 193
384 385
383 400
8 523
383 384
382 399
382 383
8 536
381 398
381 382
119 397
390 71
25 405
521 534
14 255
14 25
389 174
72 117
389 14
74 141
74 389
72 236
388 404
388 74
387 403
117 522
387 388
386 21
386 387
117 277
207 402
395 396
519 15
394 176
394 395
40 406
520 16
40 394
393 1
393 40
520 532
392 275
392 393
391 6
16 533
391 392
71 237
71 391
521 72
390 256
193 98
400 408
400 193
242 531
399 56
399 400
398 244
115 519
398 399
397 184
397 398
115 88
148 220
148 397
396 62
519 520
396 148
395 407
141 174
404 146
517 518
404 141
403 190
403 404
517 227
21 24
21 403
402 175
518 242
402 21
401 182
401 402
518 530
98 151
98 401
193 134
242 115
56 408
312 68
56 100
408 134
408 417
312 120
244 281
220 184
120 261
220 102
184 244
184 416
120 212
244 56
176 415
407 62
407 280
212 194
62 220
62 42
1 406
1 414
194 224
406 176
406 55
176 407
212 288
224 516
6 275
6 413
275 1
194 529
275 46
405 411
256 237
224 138
256 412
237 6
237 83
141 409
516 210
174 255
174 410
255 405
516 517
255 293
156
1 157
2 158
3 159
4 160
5 161
6 162
7 163
8 164
9 165
10 166
11 167
12 168
13 169
14 170
15 171
16 172
17 173
18 174
19 175
20 176
21 177
22 178
23 179
24 180
25 181
26 182
27 183
28 184
29 185
30 186
31 187
32 188
33 189
34 190
35 191
36 192
37 193
38 194
39 195
40 196
41 197
42 198
43 199
44 200
45 201
46 202
47 203
48 204
49 205
50 206
51 207
52 208
53 209
54 210
55 211
56 212
57 213
58 214
59 215
60 216
61 217
62 218
63 219
64 220
65 221
66 222
67 223
68 224
69 225
70 226
71 227
72 228
73 229
74 230
75 231
76 232
77 233
78 234
79 235
80 236
81 237
82 238
83 239
84 240
85 241
86 242
87 243
88 244
89 245
90 246
91 247
92 248
93 249
94 250
95 251
96 252
97 253
98 254
99 255
100 256
101 257
102 258
103 259
104 260
105 261
106 262
107 263
108 264
109 265
110 266
111 267
112 268
113 269
114 270
115 271
116 272
117 273
118 274
119 275
120 276
121 277
122 278
123 279
124 280
125 281
126 282
127 283
128 284
129 285
130 286
131 287
132 288
133 289
134 290
135 291
136 292
137 293
138 294
139 295
140 296
141 297
142 298
143 299
144 300
145 301
146 302
147 303
148 304
149 305
150 306
151 307
152 308
153 309
154 310
155 311
156 312