625 1200
19 236
616 141
617 618
618 112
112 237
237 619
619 178
178 71
71 62
62 620
620 621
621 622
622 88
88 233
233 623
623 203
203 144
144 54
54 73
73 155
236 141
155 228
228 624
624 625
50 236
625 50
603 112
604 151
604 237
151 301
151 619
301 235
301 178
235 605
235 71
605 606
605 62
606 182
606 620
182 607
182 621
607 12
607 622
12 173
12 88
173 608
173 233
608 65
608 623
65 609
65 203
609 610
609 144
610 611
610 54
611 94
611 73
94 612
94 155
612 613
612 228
613 614
613 624
614 615
614 625
615 19
615 50
19 616
227 301
593 594
593 235
594 595
594 605
595 596
595 606
596 597
596 182
597 213
597 607
213 598
213 12
598 163
598 173
163 177
163 608
177 108
177 65
108 263
108 609
263 599
263 610
599 600
599 611
600 234
600 94
234 168
234 612
168 601
168 613
601 63
601 614
63 30
63 615
30 210
30 19
210 616
602 284
602 617
284 603
284 618
603 604
583 243
583 596
243 283
243 597
283 299
283 213
299 55
299 598
55 230
55 163
230 9
230 177
9 275
9 108
275 100
275 263
100 584
100 599
584 585
584 600
585 267
585 234
267 586
267 168
586 198
586 601
198 587
198 63
587 588
587 30
588 210
589 590
589 602
590 591
590 284
591 592
591 603
592 219
592 604
219 227
219 151
227 593
572 299
573 180
573 55
180 31
180 230
31 159
31 9
159 574
159 275
574 99
574 100
99 575
99 584
575 195
575 585
195 576
195 267
576 577
576 586
577 148
577 198
148 292
148 587
292 588
104 271
104 589
271 578
271 590
578 579
578 591
579 162
579 592
162 580
162 219
580 581
580 227
581 153
581 593
153 582
153 594
582 583
582 595
113 31
561 143
561 159
143 562
143 574
562 563
562 99
563 564
563 575
564 266
564 195
266 70
266 576
70 565
70 577
565 78
565 148
78 292
566 567
566 104
567 568
567 271
568 82
568 578
82 137
82 579
137 109
137 162
109 146
109 580
146 569
146 581
569 570
569 153
570 240
570 582
240 571
240 583
571 114
571 243
114 572
114 283
572 573
48 116
48 563
116 145
116 564
145 186
145 266
186 205
186 70
205 555
205 565
555 78
11 556
11 566
556 557
556 567
557 274
557 568
274 68
274 82
68 133
68 137
133 558
133 109
558 160
558 146
160 302
160 569
302 300
302 570
300 136
300 240
136 559
136 571
559 170
559 114
170 150
170 572
150 560
150 573
560 113
560 180
113 561
14 186
295 61
295 205
61 555
269 218
269 11
218 21
218 556
21 546
21 557
546 20
546 274
20 229
20 68
229 547
229 133
547 548
547 558
548 91
548 160
91 127
91 302
127 549
127 300
549 262
549 136
262 132
262 559
132 296
132 170
296 550
296 150
550 551
550 560
551 552
551 113
552 553
552 561
553 554
553 143
554 48
554 562
491 492
69 222
491 157
492 493
492 505
69 77
493 494
493 506
494 495
207 517
494 507
495 60
495 226
207 69
60 3
60 508
3 87
37 516
3 103
87 496
87 10
37 207
496 497
496 175
497 509
504 515
498 499
498 510
499 500
504 37
499 511
500 142
500 512
503 514
142 501
142 513
501 192
503 504
501 165
192 502
192 93
502 183
502 503
123 149
123 553
149 83
149 554
83 545
83 48
545 277
545 116
277 14
277 145
14 295
479 494
507 520
7 480
7 495
480 290
507 226
480 60
290 252
290 3
506 15
252 481
252 87
481 482
506 507
481 496
482 497
294 483
505 106
294 498
483 86
483 499
505 506
86 484
86 500
484 485
157 519
484 142
485 486
485 501
157 505
486 8
486 192
8 96
74 75
8 502
96 487
96 503
74 157
487 46
487 504
46 488
241 34
46 37
488 489
488 207
241 74
489 490
489 69
490 33
77 518
490 77
33 117
33 241
77 241
117 491
117 74
465 140
511 512
465 252
140 466
140 481
510 59
466 482
312 467
312 294
510 511
467 468
467 483
468 469
509 522
468 86
469 470
469 484
175 187
470 471
470 485
471 105
175 509
471 486
105 174
105 8
10 134
174 472
174 96
472 473
10 175
472 487
473 199
473 46
103 38
199 474
199 488
474 475
103 10
474 489
475 476
475 490
508 521
476 197
476 33
197 477
508 103
197 117
477 478
477 491
226 278
478 260
478 492
260 479
226 508
260 493
479 7
453 312
244 454
515 516
244 467
454 172
454 468
514 255
172 107
172 469
107 455
514 515
107 470
455 456
455 471
183 525
456 457
456 105
457 458
183 514
457 174
458 459
458 472
93 524
459 460
459 473
460 212
93 183
460 199
212 204
212 474
165 523
204 461
204 475
461 193
165 93
461 476
193 13
193 197
513 76
13 462
13 477
462 463
513 165
462 478
463 464
463 260
512 239
464 47
464 479
47 196
512 513
47 7
196 250
196 480
511 258
250 465
250 290
442 190
442 107
519 106
190 102
190 455
102 443
75 531
102 456
443 444
443 457
75 519
444 445
444 458
445 185
34 530
445 459
185 446
185 460
34 75
446 120
446 212
120 291
518 28
120 204
291 447
291 461
518 34
447 448
447 193
448 449
222 529
448 13
449 115
449 462
222 518
115 220
115 463
220 450
517 528
220 464
450 17
450 47
517 222
17 451
17 196
451 139
516 527
451 250
139 81
139 465
516 517
81 452
81 140
452 466
515 526
453 244
16 443
304 431
134 187
304 444
431 223
431 445
38 535
223 95
223 185
95 158
38 134
95 446
158 84
158 120
521 18
84 189
84 291
189 432
521 38
189 447
432 433
432 448
278 298
433 434
433 449
434 435
278 521
434 115
435 122
435 220
520 534
122 135
122 450
135 4
520 278
135 17
4 436
4 451
15 533
436 437
436 139
437 438
15 520
437 81
438 452
217 439
106 532
217 453
439 440
439 244
106 15
440 441
440 454
441 442
519 310
441 172
421 223
422 64
422 95
523 89
64 423
64 158
423 256
523 524
423 84
256 424
256 189
76 539
424 425
424 432
425 72
76 523
425 433
72 29
72 434
239 67
29 426
29 435
426 45
239 76
426 122
45 427
45 135
258 538
427 32
427 4
32 428
258 239
32 436
428 36
428 437
59 289
36 438
169 429
169 217
59 258
429 130
429 439
130 430
522 537
130 440
430 184
430 441
187 536
184 110
184 442
110 80
187 522
110 190
80 16
80 102
134 161
16 304
167 408
167 256
408 191
529 542
408 424
191 111
191 425
529 28
111 409
111 72
409 410
528 126
409 29
410 411
410 426
528 529
411 412
411 45
412 413
527 285
412 427
413 414
413 32
527 528
414 415
414 428
415 36
526 541
26 147
26 169
147 35
526 527
147 429
35 416
35 130
255 124
416 417
416 430
417 418
255 526
417 184
418 419
418 110
525 129
419 420
419 80
420 214
525 255
420 16
214 138
214 304
524 540
138 421
138 431
421 422
524 525
188 181
360 372
156 346
156 358
544 550
346 347
360 273
346 359
347 279
347 360
359 79
279 348
279 273
348 309
359 360
348 361
309 349
57 209
309 362
358 371
349 350
349 363
350 119
358 359
350 85
119 44
119 22
181 370
44 254
44 364
57 551
254 351
181 358
254 365
351 352
351 366
253 215
352 353
352 367
353 354
253 181
353 259
354 246
209 123
354 368
6 171
246 355
246 282
355 356
6 253
355 369
356 154
356 221
118 66
154 357
154 92
209 552
357 288
118 6
357 1
288 247
334 347
58 543
164 335
364 379
164 279
335 305
335 348
364 365
305 336
305 309
336 337
22 378
336 349
337 338
58 132
337 350
22 364
338 194
338 119
194 339
85 377
194 44
339 176
339 254
85 22
176 340
176 351
543 544
340 341
363 376
340 352
341 280
341 353
363 85
280 342
280 354
342 128
362 375
342 246
128 24
543 296
128 355
362 363
24 343
24 356
343 303
361 374
343 154
303 202
303 357
361 362
202 288
344 345
544 57
344 118
273 373
345 25
345 6
25 188
273 361
25 253
188 156
276 328
276 336
369 384
328 329
328 337
329 41
369 221
329 338
41 211
126 542
41 194
282 242
211 330
211 339
330 331
282 369
330 176
331 152
331 340
368 383
152 332
152 341
126 549
332 306
368 282
332 280
306 333
306 342
259 382
333 231
333 128
231 49
259 368
231 24
49 232
542 58
49 343
367 281
232 268
232 303
268 202
367 259
224 216
224 344
216 251
366 381
216 345
251 51
542 262
251 25
366 367
51 125
51 188
125 52
365 380
125 156
52 334
52 346
365 366
334 164
317 41
308 318
370 371
308 211
318 287
124 548
318 330
215 387
287 319
287 331
319 98
215 370
319 152
98 320
98 332
171 386
320 257
320 306
541 285
257 321
171 215
257 333
321 322
321 231
66 2
322 248
322 49
248 311
66 171
248 232
311 268
541 91
121 323
247 385
121 224
323 27
323 216
1 245
27 324
27 251
324 201
1 247
324 51
201 325
285 126
201 125
92 264
325 225
325 52
225 261
92 1
225 334
261 326
261 164
221 297
326 327
326 335
285 127
327 276
221 92
327 305
540 129
376 377
375 293
375 376
540 229
374 200
374 375
5 131
5 121
373 208
131 56
131 323
129 124
56 307
373 374
56 27
307 238
307 324
372 286
238 23
238 201
23 313
372 373
23 325
313 166
129 547
313 225
79 97
166 101
166 261
101 314
79 372
101 326
314 265
314 327
371 389
265 315
265 276
124 541
315 316
371 79
315 328
316 317
316 329
370 388
317 308
382 383
281 393
539 89
281 382
381 43
381 281
539 546
380 392
380 381
379 391
89 540
379 380
378 53
378 379
89 20
377 179
377 378
376 390
2 386
385 398
289 269
245 40
245 385
264 397
538 67
264 245
297 396
297 264
538 218
384 270
384 297
242 206
67 539
242 384
383 395
383 242
67 21
382 394
208 200
161 14
286 403
286 208
97 402
536 537
97 286
389 401
389 97
536 295
388 400
388 389
387 42
537 61
387 388
386 399
386 387
289 538
2 249
392 43
391 407
391 392
18 545
53 406
53 391
179 90
535 161
179 53
390 272
390 179
535 277
293 39
293 390
200 405
161 536
200 293
208 404
396 397
270 411
534 298
270 396
206 410
206 270
534 149
395 409
395 206
394 111
298 18
394 395
393 191
393 394
298 83
43 408
43 393
392 167
18 535
406 407
28 58
406 64
407 167
407 423
28 530
90 422
39 272
530 543
39 138
272 90
272 421
530 531
90 406
403 419
404 405
404 420
531 310
405 39
405 214
401 402
401 417
310 532
402 403
402 418
403 404
531 544
532 533
42 400
42 35
400 401
310 57
400 416
398 415
249 399
532 209
249 26
399 42
399 147
396 412
533 123
397 40
397 413
40 398
533 534
40 414
156
1 157
2 158
3 159
4 160
5 161
6 162
7 163
8 164
9 165
10 166
11 167
12 168
13 169
14 170
15 171
16 172
17 173
18 174
19 175
20 176
21 177
22 178
23 179
24 180
25 181
26 182
27 183
28 184
29 185
30 186
31 187
32 188
33 189
34 190
35 191
36 192
37 193
38 194
39 195
40 196
41 197
42 198
43 199
44 200
45 201
46 202
47 203
48 204
49 205
50 206
51 207
52 208
53 209
54 210
55 211
56 212
57 213
58 214
59 215
60 216
61 217
62 218
63 219
64 220
65 221
66 222
67 223
68 224
69 225
70 226
71 227
72 228
73 229
74 230
75 231
76 232
77 233
78 234
79 235
80 236
81 237
82 238
83 239
84 240
85 241
86 242
87 243
88 244
89 245
90 246
91 247
92 248
93 249
94 250
95 251
96 252
97 253
98 254
99 255
100 256
101 257
102 258
103 259
104 260
105 261
106 262
107 263
108 264
109 265
110 266
111 267
112 268
113 269
114 270
115 271
116 272
117 273
118 274
119 275
120 276
121 277
122 278
123 279
124 280
125 281
126 282
127 283
128 284
129 285
130 286
131 287
132 288
133 289
134 290
135 291
136 292
137 293
138 294
139 295
140 296
141 297
142 298
143 299
144 300
145 301
146 302
147 303
148 304
149 305
150 306
151 307
152 308
153 309
154 310
155 311
156 312