625 1200
223 624
607 625
608 609
609 610
610 611
611 180
180 237
237 612
612 613
613 614
614 615
615 616
616 204
204 137
137 617
617 618
618 307
307 113
113 619
619 620
624 625
620 621
621 622
622 623
132 624
623 132
595 610
596 597
596 611
597 141
597 180
141 598
141 237
598 135
598 612
135 599
135 613
599 23
599 614
23 255
23 615
255 600
255 616
600 601
600 204
601 220
601 137
220 602
220 617
602 185
602 618
185 603
185 307
603 188
603 113
188 604
188 619
604 605
604 620
605 606
605 621
606 266
606 622
266 268
266 623
268 223
268 132
223 607
283 141
586 229
586 598
229 587
229 135
587 64
587 599
64 588
64 23
588 589
588 255
589 590
589 600
590 254
590 601
254 121
254 220
121 100
121 602
100 127
100 185
127 591
127 603
591 37
591 188
37 293
37 604
293 236
293 605
236 152
236 606
152 195
152 266
195 592
195 268
592 593
592 223
593 607
189 594
189 608
594 595
594 609
595 596
62 57
62 64
57 168
57 588
168 4
168 589
4 215
4 590
215 579
215 254
579 580
579 121
580 170
580 100
170 581
170 127
581 125
581 591
125 582
125 37
582 49
582 293
49 239
49 236
239 41
239 152
41 19
41 195
19 16
19 592
16 593
253 583
253 189
583 143
583 594
143 584
143 595
584 585
584 596
585 283
585 597
283 586
569 4
570 571
570 215
571 47
571 579
47 308
47 580
308 58
308 170
58 572
58 581
572 573
572 125
573 574
573 582
574 270
574 49
270 224
270 239
224 212
224 41
212 17
212 19
17 16
110 3
110 253
3 118
3 583
118 575
118 143
575 131
575 584
131 576
131 585
576 577
576 283
577 578
577 586
578 164
578 229
164 62
164 587
558 47
559 560
559 308
560 124
560 58
124 279
124 572
279 561
279 573
561 562
561 574
562 66
562 270
66 563
66 224
563 30
563 212
30 17
276 151
276 110
151 564
151 3
564 269
564 118
269 159
269 575
159 565
159 131
565 566
565 576
566 567
566 577
567 568
567 578
568 214
568 164
214 250
214 62
250 136
250 57
136 569
136 168
569 570
545 83
545 279
83 296
83 561
296 546
296 562
546 547
546 66
547 548
547 563
548 30
111 274
111 276
274 50
274 151
50 549
50 564
549 8
549 269
8 550
8 159
550 551
550 565
551 552
551 566
552 553
552 567
553 72
553 568
72 554
72 214
554 555
554 250
555 556
555 136
556 84
556 569
84 557
84 570
557 558
557 571
558 559
297 546
295 211
295 547
211 548
537 145
537 111
145 538
145 274
538 60
538 50
60 235
60 549
235 155
235 8
155 539
155 550
539 43
539 551
43 540
43 552
540 69
540 553
69 234
69 72
234 76
234 554
76 285
76 555
285 541
285 556
541 542
541 84
542 173
542 557
173 543
173 558
543 544
543 559
544 108
544 560
108 545
108 124
280 478
177 94
280 493
478 232
478 494
177 95
232 289
232 495
289 479
491 106
289 40
479 32
479 496
491 177
32 480
32 112
480 5
490 504
480 497
5 481
5 98
490 491
481 482
481 163
482 498
489 247
483 484
483 499
484 201
489 490
484 265
201 485
201 500
488 56
485 208
485 501
208 486
488 489
208 123
486 487
486 502
487 503
487 488
535 252
535 544
252 45
252 108
45 34
45 545
34 536
34 83
536 297
536 296
297 295
468 289
40 44
126 469
126 479
469 470
40 496
469 32
470 471
470 480
495 256
471 128
471 5
128 42
495 40
128 481
42 482
472 246
494 507
472 483
246 473
246 484
494 495
473 91
473 201
91 202
493 52
91 485
202 258
202 208
493 494
258 304
258 486
304 474
89 187
304 487
474 2
474 488
89 493
2 273
2 489
273 475
492 506
273 490
475 80
475 491
492 89
80 476
80 177
476 26
95 505
476 95
26 477
26 492
95 492
477 280
477 89
456 457
265 500
456 471
457 259
457 128
499 182
259 42
46 458
46 472
499 265
458 459
458 246
459 460
498 513
459 473
460 461
460 91
163 512
461 462
461 202
462 116
163 498
462 258
116 216
116 304
98 511
216 463
216 474
463 464
98 163
463 2
464 149
464 273
497 510
149 465
149 475
465 466
497 98
465 80
466 33
466 476
112 509
33 288
33 26
288 74
112 497
288 477
74 183
74 280
496 508
183 467
183 478
467 468
496 112
467 232
468 126
119 46
248 443
247 504
248 458
443 85
443 459
56 517
85 20
85 460
20 444
56 247
20 461
444 445
444 462
503 516
445 191
445 116
191 446
503 56
191 216
446 447
446 463
502 38
447 448
447 464
448 449
502 503
448 149
449 450
449 465
123 515
450 451
450 466
451 271
123 502
451 33
271 452
271 288
501 514
452 205
452 74
205 453
501 123
205 183
453 454
453 467
500 21
454 292
454 468
292 455
500 501
292 126
455 190
455 469
265 29
190 456
190 470
67 138
67 20
52 507
138 432
138 444
432 433
187 522
432 445
433 434
433 191
187 52
434 287
434 446
287 435
506 521
287 447
435 436
435 448
506 187
436 260
436 449
260 437
505 520
260 450
437 438
437 451
505 506
438 171
438 271
171 282
94 519
171 452
282 1
282 205
94 505
1 53
1 453
53 24
106 518
53 454
24 249
24 292
106 94
249 439
249 455
439 440
504 61
439 190
440 441
440 456
504 106
441 442
441 457
442 259
247 174
119 248
424 433
11 305
511 512
11 434
305 425
305 287
510 278
425 81
425 435
81 426
510 511
81 436
426 427
426 260
509 526
427 428
427 437
428 9
509 510
428 438
9 429
9 171
508 525
429 228
429 282
228 430
508 509
228 1
430 290
430 53
44 99
290 275
290 24
275 431
44 508
275 249
431 117
431 439
256 524
117 261
117 440
261 148
256 44
261 441
148 442
169 6
507 523
169 119
6 210
6 248
507 256
210 222
210 443
222 67
52 12
222 85
82 425
87 7
87 81
515 529
7 153
7 426
153 415
515 38
153 427
415 200
415 428
514 284
200 157
200 9
157 160
514 515
157 429
160 227
160 228
21 528
227 416
227 430
416 417
21 514
416 290
417 418
417 275
29 527
418 419
418 431
419 420
29 21
419 117
420 51
420 261
182 96
51 148
421 422
421 169
182 29
422 161
422 6
161 22
513 31
161 210
22 423
22 222
512 309
423 122
423 67
122 65
512 513
122 138
65 424
65 432
511 25
424 11
405 179
405 415
179 406
519 244
179 200
406 407
406 157
519 520
407 408
407 160
408 409
518 238
408 227
409 115
409 416
518 519
115 142
115 417
142 18
61 206
142 418
18 410
18 419
61 518
410 147
410 420
147 51
174 532
411 245
411 421
245 412
174 61
245 422
412 413
412 161
517 531
413 55
413 22
55 414
517 174
55 423
414 213
414 122
516 530
213 264
213 65
264 129
516 517
264 424
129 241
129 11
38 102
241 82
241 305
82 87
38 516
107 172
365 14
198 233
198 28
298 542
233 312
365 366
233 364
312 349
312 365
364 378
349 350
349 366
350 351
364 365
350 79
351 352
194 534
351 367
28 139
352 353
352 281
353 300
28 364
353 368
300 354
300 369
172 377
354 355
354 156
194 173
355 356
172 28
355 301
356 357
356 370
68 376
357 277
357 207
277 358
68 172
277 262
358 359
534 535
358 371
363 184
359 360
359 372
360 361
363 68
360 181
361 93
361 373
362 375
93 225
93 104
534 543
225 166
362 363
225 374
166 272
338 312
533 140
71 339
156 382
71 349
339 218
339 350
156 301
218 340
218 351
340 341
369 381
340 352
341 342
533 285
341 353
369 156
342 343
342 300
343 109
368 302
343 354
109 344
109 355
368 369
344 345
344 356
140 298
345 346
281 380
345 357
346 347
346 277
281 368
347 167
347 358
167 103
367 105
167 359
103 199
140 541
103 360
367 281
199 231
199 361
231 299
79 101
231 93
299 75
299 225
79 367
75 166
348 158
298 194
348 362
366 379
158 226
158 363
226 107
366 79
226 68
107 198
27 193
27 340
181 257
193 146
193 341
146 328
181 373
146 342
328 329
238 244
328 343
372 384
329 78
329 109
78 330
372 181
78 344
330 59
330 345
371 217
59 35
59 346
238 234
35 90
371 372
35 347
90 331
90 167
262 383
331 332
331 103
332 333
262 371
332 199
333 334
244 533
333 231
207 240
334 133
334 299
133 75
207 262
150 335
150 348
335 336
370 251
335 158
336 263
244 76
336 226
370 207
263 36
263 107
36 337
301 221
36 198
337 338
337 233
301 370
338 71
175 328
294 243
377 139
294 329
243 54
531 43
243 78
376 387
54 320
54 330
320 321
376 377
320 59
321 165
321 35
184 386
165 196
165 90
532 206
196 322
184 376
196 331
322 203
322 332
375 385
203 323
203 333
323 10
375 184
323 334
10 133
532 540
324 120
272 162
324 150
120 97
120 335
374 197
97 92
97 336
92 325
374 272
92 263
325 291
206 238
325 36
104 134
291 326
291 337
326 219
104 374
326 338
219 176
219 71
373 303
176 327
176 339
206 69
327 27
373 104
327 218
102 530
380 302
105 392
105 380
102 155
101 391
101 105
313 314
313 324
379 209
314 77
314 120
530 531
77 39
379 101
77 97
39 315
39 92
14 390
315 316
315 325
316 317
14 379
316 291
317 192
530 539
317 326
378 310
192 306
192 219
306 178
378 14
306 176
178 73
178 327
139 389
73 318
73 27
531 532
318 319
139 378
318 193
319 175
319 146
377 388
175 294
383 217
240 395
284 529
240 383
251 15
251 240
284 60
221 394
221 251
382 13
529 102
382 221
381 63
381 382
529 235
302 114
302 381
380 393
385 386
162 88
96 537
197 267
197 162
134 144
527 528
134 197
303 398
303 134
527 145
257 154
257 303
384 397
528 284
384 257
217 396
217 384
528 538
383 86
209 391
25 297
390 402
390 209
310 401
309 31
310 390
389 186
389 310
309 295
388 242
388 389
387 70
31 211
387 388
386 400
386 387
96 527
385 399
394 15
13 286
13 394
526 34
63 404
63 13
114 130
278 25
114 63
393 311
393 114
278 536
392 403
392 393
391 48
25 309
391 392
209 230
398 144
154 115
99 525
154 398
397 409
397 154
99 252
396 408
396 397
86 407
525 526
86 396
395 406
395 86
525 45
15 179
15 395
394 405
526 278
404 286
520 533
404 7
286 405
286 153
520 521
130 87
403 311
521 140
403 241
311 130
311 82
521 522
130 404
402 213
230 48
230 264
522 12
48 403
48 129
186 401
186 55
12 523
401 402
401 414
402 230
522 298
523 524
70 242
70 412
242 186
12 194
242 413
88 147
399 400
523 534
399 411
400 70
400 245
398 142
524 535
144 267
144 18
267 88
524 99
267 410
156
1 157
2 158
3 159
4 160
5 161
6 162
7 163
8 164
9 165
10 166
11 167
12 168
13 169
14 170
15 171
16 172
17 173
18 174
19 175
20 176
21 177
22 178
23 179
24 180
25 181
26 182
27 183
28 184
29 185
30 186
31 187
32 188
33 189
34 190
35 191
36 192
37 193
38 194
39 195
40 196
41 197
42 198
43 199
44 200
45 201
46 202
47 203
48 204
49 205
50 206
51 207
52 208
53 209
54 210
55 211
56 212
57 213
58 214
59 215
60 216
61 217
62 218
63 219
64 220
65 221
66 222
67 223
68 224
69 225
70 226
71 227
72 228
73 229
74 230
75 231
76 232
77 233
78 234
79 235
80 236
81 237
82 238
83 239
84 240
85 241
86 242
87 243
88 244
89 245
90 246
91 247
92 248
93 249
94 250
95 251
96 252
97 253
98 254
99 255
100 256
101 257
102 258
103 259
104 260
105 261
106 262
107 263
108 264
109 265
110 266
111 267
112 268
113 269
114 270
115 271
116 272
117 273
118 274
119 275
120 276
121 277
122 278
123 279
124 280
125 281
126 282
127 283
128 284
129 285
130 286
131 287
132 288
133 289
134 290
135 291
136 292
137 293
138 294
139 295
140 296
141 297
142 298
143 299
144 300
145 301
146 302
147 303
148 304
149 305
150 306
151 307
152 308
153 309
154 310
155 311
156 312