625 1200
613 624
112 625
21 61
61 309
309 275
275 124
124 614
614 169
169 45
45 615
615 238
238 616
616 617
617 70
70 221
221 618
618 619
619 38
38 620
620 10
624 625
10 621
621 622
622 175
623 624
175 623
603 309
604 605
604 275
605 606
605 124
606 34
606 614
34 607
34 169
607 608
607 45
608 609
608 615
609 103
609 238
103 68
103 616
68 181
68 617
181 202
181 70
202 610
202 221
610 611
610 618
611 36
611 619
36 612
36 38
612 53
612 620
53 212
53 10
212 47
212 621
47 264
47 622
264 86
264 175
86 613
86 623
613 112
156 606
99 189
99 34
189 595
189 607
595 253
595 608
253 596
253 609
596 83
596 103
83 60
83 68
60 597
60 181
597 252
597 202
252 598
252 610
598 599
598 611
599 300
599 36
300 280
300 612
280 52
280 53
52 234
52 212
234 154
234 47
154 211
154 264
211 600
211 86
600 272
600 613
272 112
601 602
601 21
602 603
602 61
603 604
588 296
588 253
296 589
296 596
589 128
589 83
128 290
128 60
290 109
290 597
109 230
109 252
230 233
230 598
233 590
233 599
590 13
590 300
13 229
13 280
229 135
229 52
135 183
135 234
183 176
183 154
176 178
176 211
178 591
178 600
591 272
592 593
592 601
593 66
593 602
66 594
66 603
594 149
594 604
149 156
149 605
156 99
167 128
578 43
578 290
43 25
43 109
25 281
25 230
281 579
281 233
579 30
579 590
30 260
30 13
260 580
260 229
580 581
580 135
581 582
581 183
582 17
582 176
17 583
17 178
583 591
278 584
278 592
584 232
584 593
232 92
232 66
92 195
92 594
195 282
195 149
282 585
282 156
585 586
585 99
586 587
586 189
587 588
587 595
163 25
565 566
565 281
566 567
566 579
567 219
567 30
219 311
219 260
311 568
311 580
568 569
568 581
569 570
569 582
570 88
570 17
88 583
571 310
571 278
310 572
310 584
572 573
572 232
573 241
573 92
241 574
241 195
574 575
574 282
575 576
575 585
576 42
576 586
42 257
42 587
257 312
257 588
312 577
312 296
577 167
577 589
167 578
552 266
552 219
266 553
266 311
553 554
553 568
554 271
554 569
271 555
271 570
555 88
265 48
265 571
48 556
48 310
556 20
556 572
20 557
20 573
557 19
557 241
19 558
19 574
558 559
558 575
559 560
559 576
560 126
560 42
126 561
126 257
561 562
561 312
562 563
562 577
563 564
563 167
564 139
564 578
139 163
139 43
163 565
153 554
5 541
5 271
541 555
166 94
166 265
94 542
94 48
542 543
542 556
543 125
543 20
125 185
125 557
185 237
185 19
237 544
237 558
544 545
544 559
545 546
545 560
546 547
546 126
547 200
547 561
200 59
200 562
59 548
59 563
548 549
548 564
549 550
549 139
550 15
550 163
15 288
15 565
288 551
288 566
551 552
551 567
165 484
206 256
165 498
484 485
484 276
206 104
485 486
485 499
486 287
495 511
486 500
287 217
287 501
495 206
217 487
217 51
487 488
72 186
487 130
488 489
488 502
72 495
489 93
489 73
93 503
494 284
8 490
8 504
490 44
494 72
490 505
44 249
44 506
493 510
249 491
249 507
491 492
493 494
491 508
492 110
492 509
110 133
110 493
84 540
84 288
540 90
540 551
90 305
90 552
305 225
305 266
225 153
225 553
153 5
246 486
500 515
306 474
306 287
474 108
500 501
474 217
108 475
108 487
499 240
475 476
475 488
476 477
499 500
476 489
477 93
478 479
276 37
478 8
479 480
479 490
276 499
480 258
480 44
258 115
498 514
258 249
115 146
115 491
498 276
146 285
146 492
285 236
497 513
285 110
236 481
236 493
497 498
481 91
481 494
91 482
496 512
91 72
482 95
482 495
496 497
95 1
95 206
1 483
104 121
1 104
483 26
483 496
104 496
26 165
26 497
274 465
505 506
274 475
465 180
465 476
504 518
180 477
303 188
303 478
504 505
188 308
188 479
308 136
503 199
308 480
136 466
136 258
73 297
466 22
466 115
22 467
73 503
22 146
467 468
467 285
502 259
468 469
468 236
469 470
502 73
469 481
470 283
470 91
130 517
283 471
283 482
471 214
130 502
471 95
214 472
214 1
51 516
472 79
472 483
79 208
51 130
79 26
208 473
208 165
501 14
473 262
473 484
262 246
501 51
262 485
246 306
451 303
452 453
284 186
452 188
453 454
453 308
510 523
454 455
454 136
455 239
510 284
455 466
239 456
239 22
133 209
456 457
456 467
457 458
133 510
457 468
458 159
458 469
509 522
159 24
159 470
24 459
509 133
24 283
459 193
459 471
508 521
193 460
193 214
460 461
508 509
460 472
461 57
461 79
507 114
57 462
57 208
462 198
507 508
462 473
198 131
198 262
506 520
131 463
131 246
463 464
506 507
463 306
464 40
464 474
505 519
40 274
40 108
80 289
80 455
514 37
289 147
289 239
147 248
513 529
147 456
248 445
248 457
513 514
445 16
445 458
16 446
512 528
16 159
446 447
446 24
512 513
447 244
447 459
244 58
121 527
244 193
58 448
58 460
121 512
448 245
448 461
245 449
256 526
245 57
449 191
449 462
256 121
191 286
191 198
286 32
511 525
286 131
32 120
32 463
511 256
120 450
120 464
450 111
186 62
450 40
111 298
111 274
186 511
298 228
298 465
228 180
284 524
451 452
33 248
431 432
259 297
431 445
432 433
432 16
517 64
433 434
433 446
434 291
517 259
434 447
291 158
291 244
516 210
158 435
158 58
435 436
516 517
435 448
436 437
436 245
14 173
437 164
437 449
164 438
14 516
164 191
438 439
438 286
515 530
439 101
439 32
101 440
515 14
101 120
440 213
440 450
240 171
213 441
213 111
441 442
240 515
441 298
442 228
150 182
37 85
150 451
182 443
182 452
37 240
443 444
443 453
444 80
514 87
444 454
422 433
118 273
118 434
521 532
273 254
273 291
254 168
521 522
254 158
168 423
168 435
114 142
423 137
423 436
137 96
114 521
137 437
96 424
96 164
520 294
424 425
424 438
425 215
520 114
425 439
215 224
215 101
519 531
224 426
224 440
426 427
519 520
426 213
427 428
427 441
518 129
428 442
50 194
50 150
518 519
194 429
194 182
429 39
199 74
429 443
39 430
39 444
297 78
430 11
430 80
11 174
297 199
11 289
174 33
174 147
259 255
33 431
9 55
9 168
55 412
526 71
55 423
412 170
412 137
526 527
170 304
170 96
304 172
525 536
304 424
172 231
172 425
525 526
231 413
231 215
413 414
62 242
413 224
414 415
414 426
62 525
415 416
415 427
416 428
524 6
417 243
417 50
243 192
524 62
243 194
192 418
192 429
523 535
418 419
418 39
419 420
523 524
419 430
420 127
420 11
209 534
127 421
127 174
421 27
209 523
421 33
27 270
27 431
522 533
270 422
270 432
422 118
522 209
116 362
247 97
350 351
350 75
538 549
351 352
247 364
351 363
352 160
352 247
363 378
160 35
160 364
35 23
363 247
35 295
23 12
539 28
23 365
75 377
12 177
12 226
177 353
75 363
177 46
353 354
353 366
362 376
354 205
354 201
539 550
205 77
362 75
205 367
77 355
77 155
361 375
355 204
355 368
204 356
361 362
204 179
356 357
28 84
356 369
360 374
357 235
357 222
235 358
360 361
235 134
358 196
358 144
54 373
196 269
196 370
28 15
269 359
54 360
269 371
359 372
343 352
537 268
250 344
201 76
250 160
344 145
344 35
201 367
145 345
145 23
345 293
366 105
345 12
293 346
537 59
293 177
366 201
346 49
346 353
49 347
46 381
49 354
347 216
347 205
46 366
216 119
216 77
268 538
119 140
226 123
119 355
140 348
140 204
226 46
348 41
348 356
41 89
365 380
41 357
89 132
268 548
89 235
365 226
132 102
132 358
102 138
295 379
102 196
138 81
138 269
295 365
81 359
151 349
538 539
151 54
364 56
349 148
349 360
148 116
364 295
148 361
116 350
117 162
117 345
134 7
162 332
162 293
332 333
134 144
332 346
333 334
536 71
333 49
222 302
334 335
334 347
335 187
222 134
335 216
187 152
187 119
369 384
152 336
152 140
536 547
336 337
369 222
336 348
337 338
337 41
179 141
338 339
338 89
339 31
179 369
339 132
31 197
71 537
31 102
368 383
197 340
197 138
340 81
368 179
279 82
279 151
82 341
155 382
82 349
341 342
71 200
341 148
155 368
342 261
342 116
261 107
367 161
261 350
107 343
107 351
367 155
343 250
220 333
322 323
376 377
322 334
323 324
535 544
323 335
375 388
324 325
324 187
325 326
375 376
325 152
326 63
326 336
374 387
63 327
63 337
6 242
327 69
374 375
327 338
69 122
69 339
373 386
122 328
122 31
328 329
373 374
328 197
329 340
6 545
98 330
372 18
98 279
330 67
330 82
371 385
67 307
67 341
307 227
371 372
307 342
227 203
242 536
227 261
370 2
203 263
203 107
263 184
370 371
263 343
184 331
184 250
144 190
331 4
331 344
242 546
4 117
144 370
4 145
533 534
123 381
380 143
380 123
533 185
379 392
379 380
313 314
313 98
56 292
314 301
314 330
534 535
301 106
56 379
301 67
106 207
106 307
97 277
207 315
207 227
315 316
97 56
315 203
316 317
534 237
316 263
378 391
317 318
317 184
318 319
378 97
318 331
319 3
319 4
377 390
3 320
3 117
535 6
320 321
377 378
320 162
321 220
321 332
376 389
220 322
141 384
383 398
142 532
383 141
382 397
382 383
142 543
161 396
161 382
76 395
532 533
76 161
105 299
105 76
532 125
381 394
381 105
123 393
386 387
18 401
129 166
385 65
385 18
2 400
531 294
2 385
190 251
190 2
531 94
7 100
7 190
302 223
294 142
302 7
384 399
384 302
294 542
141 29
292 392
255 153
277 406
277 292
391 405
78 74
391 277
390 218
390 391
78 5
389 404
389 390
388 403
74 541
388 389
387 267
387 388
129 531
386 402
396 397
395 411
395 396
210 305
299 410
299 395
394 157
64 255
394 299
393 113
393 394
64 225
143 409
143 393
392 408
255 78
392 143
292 407
251 400
100 231
530 173
100 251
223 172
223 100
530 540
399 304
399 223
29 170
173 210
29 399
398 412
398 29
173 90
397 55
397 398
396 9
210 64
410 411
527 537
410 273
411 9
411 254
527 528
157 118
409 113
528 268
409 270
113 157
113 422
528 529
157 410
406 127
407 408
407 421
529 87
408 409
408 27
218 405
218 419
87 85
405 406
405 420
406 407
529 538
85 171
403 404
403 192
404 218
87 539
404 418
401 416
402 267
85 28
402 417
267 403
267 243
251 413
171 84
400 65
400 414
65 401
171 530
65 415
156
1 157
2 158
3 159
4 160
5 161
6 162
7 163
8 164
9 165
10 166
11 167
12 168
13 169
14 170
15 171
16 172
17 173
18 174
19 175
20 176
21 177
22 178
23 179
24 180
25 181
26 182
27 183
28 184
29 185
30 186
31 187
32 188
33 189
34 190
35 191
36 192
37 193
38 194
39 195
40 196
41 197
42 198
43 199
44 200
45 201
46 202
47 203
48 204
49 205
50 206
51 207
52 208
53 209
54 210
55 211
56 212
57 213
58 214
59 215
60 216
61 217
62 218
63 219
64 220
65 221
66 222
67 223
68 224
69 225
70 226
71 227
72 228
73 229
74 230
75 231
76 232
77 233
78 234
79 235
80 236
81 237
82 238
83 239
84 240
85 241
86 242
87 243
88 244
89 245
90 246
91 247
92 248
93 249
94 250
95 251
96 252
97 253
98 254
99 255
100 256
101 257
102 258
103 259
104 260
105 261
106 262
107 263
108 264
109 265
110 266
111 267
112 268
113 269
114 270
115 271
116 272
117 273
118 274
119 275
120 276
121 277
122 278
123 279
124 280
125 281
126 282
127 283
128 284
129 285
130 286
131 287
132 288
133 289
134 290
135 291
136 292
137 293
138 294
139 295
140 296
141 297
142 298
143 299
144 300
145 301
146 302
147 303
148 304
149 305
150 306
151 307
152 308
153 309
154 310
155 311
156 312