625 1200
293 624
262 625
67 608
608 609
609 610
610 611
611 612
612 613
613 614
614 615
615 237
237 616
616 126
126 217
217 617
617 618
618 619
619 76
76 620
620 171
624 625
171 621
621 622
622 144
623 624
144 623
299 609
598 599
598 610
599 151
599 611
151 266
151 612
266 117
266 613
117 600
117 614
600 303
600 615
303 601
303 237
601 106
601 616
106 602
106 126
602 603
602 217
603 187
603 617
187 604
187 618
604 295
604 619
295 605
295 76
605 258
605 620
258 219
258 171
219 156
219 621
156 606
156 622
606 607
606 144
607 293
607 623
293 262
592 151
3 152
3 266
152 593
152 117
593 88
593 600
88 188
88 303
188 128
188 601
128 182
128 106
182 138
182 602
138 594
138 603
594 202
594 187
202 595
202 604
595 241
595 295
241 596
241 605
596 300
596 258
300 33
300 219
33 597
33 156
597 47
597 606
47 71
47 607
71 203
71 293
203 262
20 130
20 67
130 299
130 608
299 598
259 581
259 88
581 105
581 188
105 73
105 128
73 118
73 182
118 251
118 138
251 582
251 594
582 302
582 202
302 583
302 595
583 19
583 241
19 116
19 596
116 278
116 300
278 584
278 33
584 585
584 597
585 586
585 47
586 587
586 71
587 203
588 223
588 20
223 589
223 130
589 590
589 299
590 591
590 598
591 592
591 599
592 3
97 73
268 178
268 118
178 123
178 251
123 111
123 582
111 572
111 302
572 573
572 583
573 212
573 19
212 574
212 116
574 575
574 278
575 576
575 584
576 131
576 585
131 169
131 586
169 587
577 578
577 588
578 579
578 223
579 277
579 589
277 197
277 590
197 580
197 591
580 57
580 592
57 213
57 3
213 55
213 152
55 259
55 593
257 123
560 561
560 111
561 562
561 572
562 563
562 573
563 43
563 212
43 311
43 574
311 287
311 575
287 564
287 576
564 54
564 131
54 169
149 565
149 577
565 566
565 578
566 567
566 579
567 568
567 277
568 244
568 197
244 569
244 580
569 240
569 57
240 570
240 213
570 110
570 55
110 250
110 259
250 571
250 581
571 97
571 105
97 268
547 548
547 563
548 231
548 43
231 549
231 311
549 80
549 287
80 122
80 564
122 54
200 234
200 149
234 550
234 565
550 551
550 566
551 552
551 567
552 553
552 568
553 554
553 244
554 5
554 569
5 91
5 240
91 555
91 570
555 159
555 110
159 556
159 250
556 557
556 571
557 558
557 97
558 559
558 268
559 257
559 178
257 560
100 549
136 134
136 80
134 122
533 534
533 200
534 271
534 234
271 535
271 550
535 536
535 551
536 537
536 552
537 68
537 553
68 285
68 554
285 538
285 5
538 539
538 91
539 540
539 555
540 541
540 159
541 141
541 556
141 542
141 557
542 543
542 558
543 544
543 559
544 545
544 257
545 546
545 560
546 305
546 561
305 547
305 562
473 474
487 502
473 489
474 133
474 490
487 253
133 475
133 491
475 476
486 81
475 492
476 477
476 493
486 487
477 478
477 494
478 479
61 501
478 210
479 480
479 495
61 486
480 2
480 496
2 497
46 211
191 481
191 298
481 482
46 61
481 184
482 483
482 498
18 281
483 129
483 77
129 484
18 46
129 499
484 485
484 500
485 170
485 18
530 531
530 546
531 205
531 305
205 10
205 547
10 532
10 548
532 100
532 231
100 136
121 475
492 505
459 460
459 476
460 461
492 493
460 477
461 462
461 478
491 99
462 306
462 479
306 463
491 492
306 480
463 2
464 465
490 84
464 191
465 16
465 481
490 491
16 263
16 482
263 22
489 504
263 483
22 466
22 129
489 490
466 467
466 484
467 227
488 119
467 485
227 468
227 18
488 489
468 282
468 46
282 216
31 503
282 61
216 469
216 486
31 488
469 470
469 487
470 471
253 95
470 253
471 472
471 31
253 31
472 473
472 488
292 85
184 498
292 462
85 235
85 306
298 246
235 463
146 103
146 464
298 184
103 94
103 465
94 455
497 289
94 16
455 72
455 263
496 270
72 207
72 22
207 13
496 497
207 466
13 456
13 467
495 507
456 102
456 227
102 36
495 496
102 468
36 64
36 282
210 506
64 176
64 216
176 272
210 495
176 469
272 457
272 470
494 70
457 25
457 471
25 115
494 210
25 472
115 458
115 473
493 90
458 310
458 474
310 121
493 494
310 133
121 459
40 146
50 224
211 501
50 103
224 204
224 94
281 513
204 447
204 455
447 51
281 211
447 72
51 75
51 207
170 512
75 48
75 13
48 448
170 281
48 456
448 143
448 102
500 108
143 449
143 36
449 35
500 170
449 64
35 309
35 176
499 511
309 256
309 272
256 9
499 500
256 457
9 450
9 25
77 510
450 451
450 115
451 452
77 499
451 458
452 453
452 310
498 509
453 112
453 121
112 93
498 77
112 459
93 454
93 460
184 508
454 292
454 461
436 437
436 447
504 84
437 248
437 51
248 183
119 308
248 75
183 438
183 48
119 504
438 260
438 448
260 232
503 79
260 143
232 218
232 449
503 119
218 439
218 35
439 226
95 196
439 309
226 440
226 256
95 503
440 29
440 9
29 441
502 516
29 450
441 208
441 451
502 95
208 164
208 452
164 254
81 515
164 453
254 442
254 112
81 502
442 443
442 93
443 444
501 514
443 454
444 445
444 292
501 81
445 446
445 85
446 235
211 180
40 50
157 183
427 14
507 270
427 438
14 255
14 260
506 519
255 428
255 232
428 37
506 507
428 218
37 429
37 439
70 158
429 62
429 226
62 430
70 506
62 440
430 431
430 29
90 222
431 432
431 441
432 288
90 70
432 208
288 8
288 164
505 518
8 38
8 254
38 297
505 90
38 442
297 433
297 443
99 140
433 267
433 444
267 252
99 505
267 445
252 446
434 190
84 517
434 40
190 30
190 50
84 99
30 435
30 224
435 436
504 160
435 204
87 255
415 206
415 428
511 523
206 416
206 37
416 53
511 108
416 429
53 417
53 62
510 167
417 69
417 430
69 4
510 511
69 431
4 173
4 432
509 522
173 418
173 288
418 419
509 510
418 8
419 215
419 38
508 233
215 420
215 297
420 421
508 509
420 433
421 422
421 267
246 521
422 252
423 228
423 434
246 508
228 424
228 190
424 425
289 98
424 30
425 426
425 435
270 274
426 162
426 436
162 34
270 289
162 437
34 157
34 248
507 520
157 427
290 32
290 53
32 405
516 83
32 417
405 7
405 69
516 196
7 406
7 4
406 407
515 526
406 173
407 408
407 418
515 516
408 409
408 419
409 410
514 525
409 215
410 411
410 420
514 515
411 78
411 421
78 422
180 28
412 135
412 423
135 65
180 514
135 228
65 413
65 424
513 524
413 280
413 425
280 66
513 180
280 426
66 150
66 162
512 113
150 209
150 34
209 414
512 513
209 157
414 179
414 427
108 284
179 87
179 14
87 415
108 512
348 269
362 221
349 350
349 58
528 543
350 168
362 265
350 186
168 247
168 362
186 372
247 60
247 265
60 92
186 362
60 17
92 351
220 529
92 236
58 56
351 352
351 137
352 353
58 186
352 52
353 312
353 363
269 371
312 132
312 364
220 544
132 354
269 58
132 15
354 86
354 365
361 185
86 355
86 239
355 307
361 269
355 366
307 356
529 530
307 6
360 370
356 357
356 82
357 198
360 361
357 367
198 139
198 120
359 369
139 358
139 193
529 545
358 154
359 360
358 368
154 163
336 168
45 527
291 181
364 374
291 247
181 296
181 60
364 15
296 337
296 92
337 214
363 107
337 351
214 225
45 141
214 352
363 364
225 338
225 353
338 339
52 229
338 312
339 340
339 132
52 363
340 341
340 354
527 528
341 276
137 21
341 86
276 342
276 355
137 52
342 275
342 307
275 343
236 373
275 356
343 344
527 542
343 357
236 137
344 26
344 198
26 345
17 27
26 139
345 39
345 358
17 236
39 154
346 286
528 220
346 359
265 1
286 347
286 360
347 348
265 17
347 361
348 349
325 24
325 337
367 192
24 125
24 214
125 304
367 120
125 225
304 326
526 83
304 338
82 377
326 327
326 339
327 301
82 367
327 340
301 44
301 341
6 376
44 161
44 276
526 540
161 328
6 82
161 342
328 89
328 275
366 63
89 199
89 343
199 329
366 6
199 344
329 279
83 45
329 26
239 375
279 330
279 345
330 39
239 366
331 264
331 346
264 332
365 59
264 286
332 333
83 541
332 347
365 239
333 334
333 348
334 335
15 273
334 349
335 336
335 350
15 365
336 291
177 304
315 172
371 56
315 326
172 316
524 285
172 327
185 382
316 238
316 301
238 230
185 371
238 44
230 317
230 161
370 23
317 142
317 328
28 525
142 74
370 185
142 89
74 318
74 199
369 381
318 319
318 329
319 320
369 370
319 279
320 330
28 538
148 321
163 245
148 331
321 249
321 264
368 380
249 195
249 332
195 96
368 163
195 333
96 322
525 526
96 334
193 379
322 323
322 335
323 109
193 368
323 336
109 324
109 291
120 378
324 243
324 181
525 539
243 325
120 193
243 296
284 113
21 229
373 201
373 21
284 537
27 387
27 373
49 11
49 148
1 386
11 175
11 321
113 524
175 261
1 27
175 249
261 147
261 195
221 385
147 189
147 96
189 114
221 1
189 322
114 42
113 68
114 323
372 384
42 41
42 109
41 12
372 221
41 324
12 313
12 243
56 383
313 101
313 325
524 28
101 314
56 372
101 24
314 177
314 125
371 283
177 315
63 376
375 391
167 523
375 63
59 294
59 375
167 535
273 390
273 59
374 389
523 284
374 273
107 388
107 374
523 536
229 104
229 107
21 155
381 23
245 395
521 533
380 394
380 245
379 127
233 522
379 380
378 166
378 379
233 534
192 242
192 378
377 165
522 167
377 192
376 393
376 377
522 271
63 392
386 387
520 100
385 400
385 386
384 399
274 98
384 385
383 398
383 384
274 136
283 397
283 383
382 396
98 134
382 283
23 153
23 382
521 233
381 124
390 294
389 194
389 390
158 10
388 404
388 389
104 403
519 520
104 388
155 402
155 104
519 532
201 174
201 155
387 145
520 274
387 201
386 401
166 127
242 408
518 222
242 166
165 407
165 242
518 531
393 406
393 165
392 7
222 158
392 393
391 405
391 392
222 205
294 32
294 391
390 290
158 519
404 194
196 45
404 206
194 290
194 416
196 79
403 415
174 402
79 527
174 179
402 403
402 87
79 308
403 404
400 150
401 145
401 209
308 160
145 174
145 414
398 399
398 280
160 517
399 400
399 66
400 401
308 528
517 140
396 397
396 65
397 398
160 220
397 413
395 78
124 153
517 529
124 412
153 396
153 135
166 409
140 530
127 394
127 410
394 395
140 518
394 411
156
1 157
2 158
3 159
4 160
5 161
6 162
7 163
8 164
9 165
10 166
11 167
12 168
13 169
14 170
15 171
16 172
17 173
18 174
19 175
20 176
21 177
22 178
23 179
24 180
25 181
26 182
27 183
28 184
29 185
30 186
31 187
32 188
33 189
34 190
35 191
36 192
37 193
38 194
39 195
40 196
41 197
42 198
43 199
44 200
45 201
46 202
47 203
48 204
49 205
50 206
51 207
52 208
53 209
54 210
55 211
56 212
57 213
58 214
59 215
60 216
61 217
62 218
63 219
64 220
65 221
66 222
67 223
68 224
69 225
70 226
71 227
72 228
73 229
74 230
75 231
76 232
77 233
78 234
79 235
80 236
81 237
82 238
83 239
84 240
85 241
86 242
87 243
88 244
89 245
90 246
91 247
92 248
93 249
94 250
95 251
96 252
97 253
98 254
99 255
100 256
101 257
102 258
103 259
104 260
105 261
106 262
107 263
108 264
109 265
110 266
111 267
112 268
113 269
114 270
115 271
116 272
117 273
118 274
119 275
120 276
121 277
122 278
123 279
124 280
125 281
126 282
127 283
128 284
129 285
130 286
131 287
132 288
133 289
134 290
135 291
136 292
137 293
138 294
139 295
140 296
141 297
142 298
143 299
144 300
145 301
146 302
147 303
148 304
149 305
150 306
151 307
152 308
153 309
154 310
155 311
156 312