625 1200
609 624
141 625
223 610
610 611
611 612
612 613
613 614
614 12
12 615
615 616
616 617
617 229
229 79
79 119
119 128
128 618
618 619
619 177
177 280
280 620
624 625
620 621
621 622
622 308
623 624
308 623
259 611
600 59
600 612
59 601
59 613
601 228
601 614
228 194
228 12
194 602
194 615
602 603
602 616
603 295
603 617
295 189
295 229
189 273
189 79
273 91
273 119
91 604
91 128
604 605
604 618
605 606
605 619
606 205
606 177
205 607
205 280
607 238
607 620
238 608
238 621
608 182
608 622
182 246
182 308
246 609
246 623
609 141
156 601
591 592
591 228
592 18
592 194
18 593
18 602
593 100
593 603
100 139
100 295
139 311
139 189
311 594
311 273
594 595
594 91
595 596
595 604
596 23
596 605
23 277
23 606
277 253
277 205
253 157
253 607
157 597
157 238
597 230
597 608
230 598
230 182
598 599
598 246
599 269
599 609
269 141
114 69
114 223
69 259
69 610
259 600
577 578
577 593
578 247
578 100
247 579
247 139
579 221
579 311
221 580
221 594
580 581
580 595
581 582
581 596
582 583
582 23
583 123
583 277
123 92
123 253
92 584
92 157
584 186
584 597
186 585
186 230
585 248
585 598
248 586
248 599
586 269
213 587
213 114
587 588
587 69
588 589
588 259
589 590
589 600
590 156
590 59
156 591
265 579
564 565
564 221
565 95
565 580
95 566
95 581
566 567
566 582
567 568
567 583
568 106
568 123
106 569
106 92
569 570
569 584
570 149
570 186
149 571
149 585
571 170
571 248
170 586
572 573
572 213
573 574
573 587
574 184
574 588
184 99
184 589
99 575
99 590
575 576
575 156
576 260
576 591
260 287
260 592
287 577
287 18
176 95
125 90
125 566
90 241
90 567
241 555
241 568
555 556
555 106
556 168
556 569
168 239
168 570
239 289
239 149
289 557
289 571
557 170
558 559
558 572
559 306
559 573
306 560
306 574
560 166
560 184
166 151
166 99
151 307
151 575
307 561
307 576
561 562
561 260
562 218
562 287
218 563
218 577
563 271
563 578
271 265
271 247
265 564
7 548
7 555
548 142
548 556
142 258
142 168
258 549
258 239
549 305
549 289
305 557
550 216
550 558
216 191
216 559
191 551
191 306
551 75
551 560
75 97
75 166
97 552
97 151
552 252
552 307
252 244
252 561
244 296
244 562
296 553
296 218
553 554
553 563
554 39
554 271
39 263
39 265
263 110
263 564
110 176
110 565
176 125
538 258
83 539
83 549
539 305
130 50
130 550
50 540
50 216
540 207
540 191
207 115
207 551
115 541
115 75
541 542
541 97
542 74
542 552
74 133
74 252
133 31
133 244
31 543
31 296
543 124
543 553
124 80
124 554
80 544
80 39
544 545
544 263
545 282
545 110
282 546
282 176
546 547
546 125
547 14
547 90
14 7
14 241
29 480
122 501
29 490
480 481
480 491
122 64
481 26
481 492
26 217
488 500
26 293
217 215
217 193
488 122
215 179
215 493
179 104
487 227
179 270
104 121
104 285
487 488
121 250
121 82
250 187
134 499
17 482
17 28
482 278
134 487
482 494
278 483
278 495
486 180
483 173
483 243
173 484
486 134
173 496
484 485
484 497
485 498
485 486
534 535
534 547
535 536
535 14
536 202
536 7
202 537
202 548
537 538
537 142
538 83
174 26
293 506
470 471
470 217
471 279
293 193
471 215
279 226
279 179
492 105
226 13
226 104
13 301
492 293
13 121
301 250
472 473
491 505
472 17
473 164
473 482
491 492
164 35
164 278
35 474
490 504
35 483
474 3
474 173
490 491
3 475
3 484
475 476
16 24
475 485
476 203
476 486
16 490
203 477
203 134
477 478
489 503
477 487
478 81
478 488
489 16
81 479
81 122
479 290
64 502
479 64
290 256
290 489
64 489
256 29
256 16
300 458
494 495
300 226
458 459
458 13
28 511
459 301
460 461
460 472
28 494
461 281
461 473
281 462
187 27
281 164
462 135
462 35
82 510
135 463
135 474
463 464
82 187
463 3
464 465
464 475
285 15
465 146
465 476
146 466
285 82
146 203
466 467
466 477
270 509
467 66
467 478
66 143
270 285
66 81
143 88
143 479
493 508
88 158
88 290
158 9
493 270
158 256
9 468
9 29
193 507
468 469
468 480
469 174
193 493
469 481
174 470
445 460
446 78
499 227
446 461
78 447
78 281
180 515
447 21
447 462
21 11
180 499
21 135
11 448
11 463
498 196
448 449
448 464
449 224
498 180
449 465
224 450
224 146
497 514
450 451
450 466
451 452
497 498
451 467
452 453
452 66
496 513
453 183
453 143
183 454
496 497
183 88
454 455
454 158
243 10
455 225
455 9
225 175
243 496
225 468
175 456
175 469
495 165
456 457
456 174
457 136
495 243
457 470
136 1
136 471
494 512
1 300
1 279
232 73
232 21
504 505
73 231
73 11
231 440
24 520
231 448
440 310
440 449
24 504
310 441
310 224
441 108
503 519
441 450
108 442
108 451
503 24
442 302
442 452
302 132
502 237
302 453
132 195
132 183
502 503
195 443
195 454
443 53
501 235
443 455
53 70
53 225
501 502
70 444
70 175
444 60
500 518
444 456
60 303
60 457
500 501
303 38
303 136
38 145
227 517
38 1
145 254
145 300
227 500
254 153
254 458
153 459
499 516
445 446
116 440
428 131
15 510
428 310
131 429
131 441
509 22
429 72
429 108
72 430
509 15
72 442
430 431
430 302
508 137
431 276
431 132
276 6
508 509
276 195
6 432
6 443
507 523
432 433
432 53
433 272
507 508
433 70
272 434
272 444
506 522
434 219
434 60
219 275
506 507
219 303
275 292
275 38
105 521
292 435
292 145
435 436
105 506
435 254
436 153
437 266
505 101
437 445
266 438
266 446
505 105
438 439
438 78
439 232
504 89
439 447
416 429
417 418
417 72
513 526
418 236
418 430
236 30
513 514
236 431
30 419
30 276
10 210
419 107
419 6
107 420
10 513
107 432
420 421
420 433
165 525
421 422
421 272
422 423
165 10
422 434
423 424
423 219
512 264
424 129
424 275
129 425
512 165
129 292
425 172
425 435
511 524
172 436
240 150
240 437
511 512
150 117
150 266
117 426
27 111
117 438
426 427
426 439
510 148
427 222
427 232
222 55
510 27
222 73
55 116
55 231
15 77
116 428
404 405
404 30
405 406
235 96
405 419
406 147
406 107
235 237
147 407
147 420
407 234
518 529
407 421
234 44
234 422
518 235
44 408
44 423
408 294
517 528
408 424
294 188
294 129
517 518
188 409
188 425
409 172
516 527
201 262
201 240
262 410
516 517
262 150
410 411
410 117
515 37
411 412
411 426
412 304
515 516
412 427
304 152
304 222
196 197
152 413
152 55
413 414
196 515
413 116
414 415
414 428
514 233
415 416
415 131
416 417
514 196
348 102
85 67
120 245
120 162
532 545
245 349
85 365
245 364
349 350
349 85
364 61
350 351
350 365
351 138
364 85
351 366
138 352
209 533
138 190
162 377
352 353
352 36
353 354
162 364
353 312
354 355
354 291
102 376
355 356
355 155
209 282
356 357
102 162
356 367
357 200
357 368
363 109
200 358
200 369
358 359
363 102
358 370
359 283
533 534
359 371
47 4
283 208
283 372
208 49
47 363
208 373
49 360
49 374
362 198
360 298
360 192
533 546
298 361
362 47
298 375
361 54
339 349
530 531
340 341
155 284
340 350
341 161
341 351
155 367
161 211
161 138
211 42
291 380
211 352
42 33
530 80
42 353
291 155
33 342
33 354
342 251
312 379
342 355
251 32
251 356
312 291
32 113
32 357
531 532
113 51
36 76
113 200
51 343
51 358
36 312
343 268
343 359
268 344
190 58
268 283
344 299
531 544
344 208
190 36
299 140
299 49
140 181
366 378
140 360
181 345
181 298
366 190
345 361
346 57
532 209
346 362
365 199
57 347
57 47
347 348
365 366
347 363
348 120
5 267
5 211
373 383
267 297
267 42
297 274
373 374
297 33
274 154
529 96
274 342
372 214
154 52
154 251
52 56
372 373
52 32
56 249
56 113
371 382
249 330
249 51
529 543
330 331
371 372
330 343
331 103
331 268
370 68
103 43
103 344
43 118
370 371
43 299
118 332
96 530
118 140
369 381
332 333
332 181
333 345
369 370
334 335
334 346
335 336
368 286
335 57
336 337
96 124
336 347
368 369
337 178
337 348
178 338
367 185
178 120
338 339
338 245
367 368
339 340
127 274
320 321
376 377
320 154
321 8
37 74
321 52
109 388
8 20
8 56
20 322
109 376
20 249
322 40
322 330
4 98
40 323
40 331
527 528
323 41
4 109
323 103
41 324
41 43
198 387
324 257
324 118
257 204
198 4
257 332
204 333
527 133
34 325
54 386
34 334
325 326
325 335
375 65
326 163
326 336
163 327
375 54
163 337
327 242
528 529
327 178
192 385
242 328
242 338
328 329
192 375
328 339
329 2
329 340
374 384
2 87
2 341
528 31
87 5
374 192
87 161
233 197
76 379
58 220
58 76
233 541
378 71
378 58
309 94
309 34
199 391
94 167
94 325
197 37
167 255
199 378
167 326
255 144
255 163
67 390
144 313
144 327
313 93
67 199
313 242
93 314
197 542
93 328
61 62
314 315
314 329
315 316
61 67
315 2
316 317
316 87
377 389
317 318
317 5
37 527
318 319
377 61
318 267
319 127
319 297
376 84
127 320
68 382
381 112
210 526
381 68
286 393
286 381
210 207
185 25
185 286
284 392
526 233
284 185
380 212
380 284
526 115
379 169
379 380
76 261
387 98
386 48
524 130
65 126
65 386
385 45
264 525
385 65
384 206
384 385
264 50
383 159
383 384
214 394
525 210
214 383
382 86
382 214
525 540
68 19
391 71
77 538
390 398
390 391
62 171
148 111
62 390
389 397
389 62
148 83
84 396
84 389
388 63
111 539
388 84
98 395
98 388
524 264
387 46
25 393
392 403
392 25
137 202
212 402
212 392
169 401
22 77
169 212
261 400
261 169
22 537
220 399
220 261
71 160
77 148
71 220
391 288
206 45
159 44
522 523
159 206
394 234
394 159
522 535
86 407
86 394
19 147
523 137
19 86
112 406
112 19
523 536
393 405
393 112
25 404
137 22
402 403
237 530
402 418
403 404
403 236
237 519
401 417
399 400
519 531
399 415
400 401
400 416
519 520
401 402
398 152
288 160
288 413
520 89
160 399
160 414
397 171
397 412
89 101
171 398
171 304
398 288
520 532
101 521
63 396
63 410
396 397
89 209
396 411
48 409
46 395
101 533
46 201
395 63
395 262
206 408
521 534
45 126
45 294
126 48
521 522
126 188
156
1 157
2 158
3 159
4 160
5 161
6 162
7 163
8 164
9 165
10 166
11 167
12 168
13 169
14 170
15 171
16 172
17 173
18 174
19 175
20 176
21 177
22 178
23 179
24 180
25 181
26 182
27 183
28 184
29 185
30 186
31 187
32 188
33 189
34 190
35 191
36 192
37 193
38 194
39 195
40 196
41 197
42 198
43 199
44 200
45 201
46 202
47 203
48 204
49 205
50 206
51 207
52 208
53 209
54 210
55 211
56 212
57 213
58 214
59 215
60 216
61 217
62 218
63 219
64 220
65 221
66 222
67 223
68 224
69 225
70 226
71 227
72 228
73 229
74 230
75 231
76 232
77 233
78 234
79 235
80 236
81 237
82 238
83 239
84 240
85 241
86 242
87 243
88 244
89 245
90 246
91 247
92 248
93 249
94 250
95 251
96 252
97 253
98 254
99 255
100 256
101 257
102 258
103 259
104 260
105 261
106 262
107 263
108 264
109 265
110 266
111 267
112 268
113 269
114 270
115 271
116 272
117 273
118 274
119 275
120 276
121 277
122 278
123 279
124 280
125 281
126 282
127 283
128 284
129 285
130 286
131 287
132 288
133 289
134 290
135 291
136 292
137 293
138 294
139 295
140 296
141 297
142 298
143 299
144 300
145 301
146 302
147 303
148 304
149 305
150 306
151 307
152 308
153 309
154 310
155 311
156 312