625 1200
610 263
14 625
611 612
612 613
613 39
39 614
614 615
615 616
616 294
294 617
617 3
3 290
290 618
618 55
55 124
124 41
41 619
619 157
157 76
76 620
263 625
620 621
621 622
622 623
624 263
623 624
224 613
131 603
131 39
603 68
603 614
68 604
68 615
604 605
604 616
605 81
605 294
81 147
81 617
147 606
147 3
606 249
606 290
249 607
249 618
607 608
607 55
608 311
608 124
311 159
311 41
159 211
159 619
211 49
211 157
49 118
49 76
118 203
118 620
203 264
203 621
264 101
264 622
101 609
101 623
609 610
609 624
610 14
228 68
590 591
590 604
591 213
591 605
213 592
213 81
592 593
592 147
593 594
593 606
594 59
594 249
59 595
59 607
595 596
595 608
596 597
596 311
597 100
597 159
100 303
100 211
303 598
303 49
598 599
598 118
599 270
599 203
270 600
270 264
600 601
600 101
601 250
601 609
250 219
250 610
219 14
36 602
36 611
602 224
602 612
224 131
583 584
583 592
584 310
584 593
310 585
310 594
585 586
585 59
586 201
586 595
201 587
201 596
587 73
587 597
73 96
73 100
96 27
96 303
27 66
27 598
66 269
66 599
269 588
269 270
588 97
588 600
97 40
97 601
40 45
40 250
45 219
35 589
35 36
589 244
589 602
244 268
244 224
268 180
268 131
180 228
180 603
228 590
282 585
572 2
572 586
2 573
2 201
573 574
573 587
574 575
574 73
575 576
575 96
576 174
576 27
174 577
174 66
577 240
577 269
240 110
240 588
110 578
110 97
578 579
578 40
579 45
283 9
283 35
9 580
9 589
580 581
580 244
581 92
581 268
92 207
92 180
207 119
207 228
119 582
119 590
582 221
582 591
221 583
221 213
563 573
564 289
564 574
289 210
289 575
210 565
210 576
565 566
565 174
566 567
566 577
567 143
567 240
143 288
143 110
288 568
288 578
568 579
95 164
95 283
164 569
164 9
569 570
569 580
570 18
570 581
18 8
18 92
8 571
8 207
571 275
571 119
275 46
275 582
46 105
46 221
105 285
105 583
285 37
285 584
37 282
37 310
282 572
554 555
554 565
555 169
555 566
169 302
169 567
302 103
302 143
103 556
103 288
556 568
196 557
196 95
557 15
557 164
15 19
15 569
19 116
19 570
116 163
116 18
163 65
163 8
65 558
65 571
558 559
558 275
559 307
559 46
307 560
307 105
560 47
560 285
47 561
47 37
561 562
561 282
562 53
562 572
53 563
53 2
563 564
234 302
148 543
148 103
543 556
208 544
208 196
544 545
544 557
545 26
545 15
26 546
26 19
546 547
546 116
547 548
547 163
548 44
548 65
44 549
44 558
549 235
549 559
235 13
235 307
13 189
13 560
189 550
189 47
550 551
550 561
551 552
551 562
552 135
552 53
135 553
135 563
553 271
553 564
271 209
271 289
209 554
209 210
487 488
499 509
487 51
488 308
488 292
499 142
308 489
308 32
489 490
258 190
489 501
490 491
490 502
258 499
491 492
491 28
492 295
498 154
492 251
295 493
295 503
498 258
493 300
493 504
300 505
232 216
136 494
136 182
494 21
232 498
494 38
21 23
21 506
497 508
23 495
23 236
495 496
497 232
495 77
496 161
496 70
161 507
161 497
539 115
539 271
115 540
115 209
540 541
540 554
541 542
541 555
542 234
542 169
234 148
474 489
501 276
266 475
266 490
475 7
501 502
475 491
7 476
7 492
32 11
476 477
476 295
477 215
32 501
477 493
215 300
478 479
292 272
478 136
479 480
479 494
292 32
480 259
480 21
259 123
51 512
259 23
123 481
123 495
51 292
481 482
481 496
482 483
184 511
482 161
483 484
483 497
184 51
484 137
484 232
137 177
500 127
137 498
177 146
177 258
500 184
146 200
146 499
200 485
142 510
200 142
485 486
485 500
142 500
486 487
486 184
462 463
38 506
462 476
463 72
463 477
182 517
72 215
74 464
74 478
182 38
464 465
464 479
465 93
505 253
465 480
93 99
93 259
504 516
99 273
99 123
273 54
504 505
273 481
54 261
54 482
503 515
261 83
261 483
83 466
503 504
83 484
466 467
466 137
251 79
467 468
467 177
468 469
251 503
468 146
469 470
469 200
28 514
470 471
470 485
471 472
28 251
471 486
472 108
472 487
502 513
108 473
108 488
473 474
502 28
473 308
474 266
299 74
298 453
216 154
298 464
453 206
453 465
508 247
206 454
206 93
454 20
508 216
454 99
20 248
20 273
507 212
248 455
248 54
455 278
507 508
455 261
278 186
278 83
70 280
186 309
186 466
309 134
70 507
309 467
134 140
134 468
77 520
140 456
140 469
456 120
77 70
456 470
120 457
120 471
236 519
457 458
457 472
458 91
236 77
458 108
91 459
91 473
506 518
459 460
459 474
460 461
506 236
460 266
461 286
461 475
38 58
286 462
286 7
178 226
178 454
512 272
226 29
226 20
29 439
511 525
29 248
439 440
439 455
511 512
440 158
440 278
158 441
127 524
158 186
441 442
441 309
127 511
442 443
442 134
443 444
510 523
443 140
444 445
444 456
510 127
445 446
445 120
446 48
509 522
446 457
48 447
48 458
509 510
447 448
447 91
448 449
190 198
448 459
449 450
449 460
190 509
450 451
450 461
451 452
154 121
451 286
452 150
452 462
154 190
150 144
150 463
144 72
216 521
299 298
428 439
429 430
515 516
429 440
430 431
430 158
79 530
431 230
431 441
230 432
79 515
230 442
432 172
432 443
514 88
172 85
172 444
85 179
514 79
85 445
179 433
179 446
513 529
433 434
433 48
434 255
513 514
434 447
255 435
255 448
276 528
435 436
435 449
436 197
276 513
436 450
197 245
197 451
11 527
245 5
245 452
5 437
11 276
5 150
437 144
243 112
272 526
243 299
112 241
112 298
272 11
241 438
241 453
438 178
512 175
438 206
279 431
153 418
153 230
520 239
418 22
418 432
22 94
520 280
22 172
94 162
94 85
519 534
162 419
162 179
419 420
519 520
419 433
420 421
420 434
518 533
421 256
421 255
256 422
518 519
256 435
422 69
422 436
58 265
69 138
69 197
138 423
58 518
138 245
423 291
423 5
517 128
291 437
424 33
424 243
517 58
33 425
33 112
425 426
253 64
425 241
426 427
426 438
516 532
427 274
427 178
274 204
516 253
274 226
204 428
204 29
515 531
428 429
404 405
404 94
405 406
522 537
405 162
406 407
406 419
522 523
407 229
407 420
229 408
198 536
229 421
408 409
408 256
198 522
409 410
409 422
410 149
121 217
410 69
149 411
149 138
121 198
411 242
411 423
242 291
521 133
412 25
412 424
25 413
521 121
25 33
413 86
413 425
247 6
86 414
86 426
414 415
247 521
414 427
415 416
415 274
212 535
416 237
416 204
237 205
212 247
237 428
205 417
205 429
280 195
417 279
417 430
279 153
280 212
252 145
369 306
350 351
350 122
193 552
351 166
369 370
351 368
166 222
166 369
368 183
222 352
222 370
352 129
368 369
352 371
129 353
192 538
129 372
122 382
353 354
353 373
354 355
122 368
354 374
355 356
355 301
145 218
356 357
356 90
192 135
357 358
145 122
357 199
358 359
358 375
367 381
359 312
359 267
312 360
367 145
312 188
360 361
538 539
360 102
366 380
361 17
361 376
17 362
366 367
17 109
362 363
362 377
365 84
363 75
363 34
538 553
75 364
365 366
75 378
364 379
339 166
287 71
173 340
90 117
173 222
340 220
340 352
90 199
220 52
220 129
52 113
301 56
52 353
113 341
287 550
113 354
301 90
341 89
341 355
89 246
374 82
89 356
246 61
246 357
374 301
61 342
61 358
71 193
342 343
373 296
342 359
343 344
343 312
373 374
344 345
344 360
345 346
372 385
345 361
346 347
71 551
346 17
372 373
347 106
347 362
106 62
371 384
106 363
62 50
62 75
371 372
50 364
225 348
193 192
225 365
370 383
348 349
348 366
349 252
370 371
349 367
252 350
304 328
304 52
109 151
328 329
328 113
329 330
109 377
329 341
330 104
536 537
330 89
376 388
104 4
104 246
4 331
376 109
4 61
331 233
331 342
102 387
233 332
233 343
536 13
332 98
102 376
332 344
98 1
98 345
188 168
1 227
1 346
227 333
188 102
227 347
333 334
537 287
333 106
267 42
334 181
334 62
181 50
267 188
335 336
335 225
336 293
375 254
336 348
293 337
537 189
293 349
375 267
337 214
337 252
214 338
199 386
214 350
338 339
338 351
199 375
339 173
319 330
320 321
218 382
320 104
321 80
6 44
321 4
381 141
80 107
80 331
107 322
381 218
107 233
322 194
322 332
380 391
194 156
194 98
133 217
156 257
380 381
156 1
257 63
257 227
84 390
63 323
63 333
323 176
84 380
323 334
176 181
133 549
324 202
379 24
324 335
202 325
202 336
378 223
325 165
325 293
165 326
378 379
165 337
326 31
217 536
326 214
34 389
31 170
31 338
170 67
34 378
170 339
67 78
67 173
377 191
78 327
78 340
217 235
327 304
377 34
327 220
195 535
296 82
385 132
385 296
195 547
384 394
384 385
297 43
297 324
383 393
43 30
43 202
535 6
30 167
383 384
30 325
167 313
167 165
306 125
313 314
313 326
314 315
306 383
314 31
315 12
535 548
315 170
183 277
12 126
12 67
126 316
183 306
126 78
316 317
316 327
382 284
317 185
317 304
6 133
185 318
382 183
185 328
318 319
318 329
218 392
319 320
168 387
42 160
534 239
42 168
254 260
254 42
534 26
386 396
386 254
117 114
239 195
117 386
56 395
56 117
239 546
82 16
82 56
296 60
390 391
24 398
128 208
223 397
223 24
389 155
265 533
389 223
191 111
191 389
265 544
151 10
151 191
388 187
533 534
388 151
387 130
387 388
533 545
168 238
393 394
531 234
125 305
125 393
277 139
532 64
277 125
284 262
284 277
532 148
392 400
392 284
141 231
64 543
141 392
391 399
391 141
128 265
390 281
396 260
114 403
114 396
88 541
395 402
395 114
16 401
530 531
16 395
60 171
60 16
530 542
132 57
132 60
394 87
531 532
394 132
393 152
111 155
10 409
528 529
10 111
187 408
187 10
528 115
130 229
130 187
238 407
529 88
238 130
160 406
160 238
529 540
260 405
260 160
396 404
88 530
402 403
523 287
402 418
403 404
403 22
523 524
401 153
57 171
524 71
57 417
171 401
171 279
524 525
401 402
305 416
152 87
152 237
525 175
87 57
87 205
262 139
262 414
175 526
139 305
139 415
305 152
525 193
526 527
231 400
231 413
400 262
175 192
400 86
398 242
281 399
526 538
281 412
399 231
399 25
111 410
527 539
155 397
155 149
397 398
527 528
397 411
156
1 157
2 158
3 159
4 160
5 161
6 162
7 163
8 164
9 165
10 166
11 167
12 168
13 169
14 170
15 171
16 172
17 173
18 174
19 175
20 176
21 177
22 178
23 179
24 180
25 181
26 182
27 183
28 184
29 185
30 186
31 187
32 188
33 189
34 190
35 191
36 192
37 193
38 194
39 195
40 196
41 197
42 198
43 199
44 200
45 201
46 202
47 203
48 204
49 205
50 206
51 207
52 208
53 209
54 210
55 211
56 212
57 213
58 214
59 215
60 216
61 217
62 218
63 219
64 220
65 221
66 222
67 223
68 224
69 225
70 226
71 227
72 228
73 229
74 230
75 231
76 232
77 233
78 234
79 235
80 236
81 237
82 238
83 239
84 240
85 241
86 242
87 243
88 244
89 245
90 246
91 247
92 248
93 249
94 250
95 251
96 252
97 253
98 254
99 255
100 256
101 257
102 258
103 259
104 260
105 261
106 262
107 263
108 264
109 265
110 266
111 267
112 268
113 269
114 270
115 271
116 272
117 273
118 274
119 275
120 276
121 277
122 278
123 279
124 280
125 281
126 282
127 283
128 284
129 285
130 286
131 287
132 288
133 289
134 290
135 291
136 292
137 293
138 294
139 295
140 296
141 297
142 298
143 299
144 300
145 301
146 302
147 303
148 304
149 305
150 306
151 307
152 308
153 309
154 310
155 311
156 312