225 420
220 221
221 222
222 223
223 224
224 225
6 208
199 20
199 209
20 210
28 200
28 211
200 201
200 212
201 24
201 213
24 202
24 214
202 203
202 215
203 204
203 216
204 205
204 217
205 206
205 218
206 41
206 219
41 15
41 220
15 207
15 221
207 208
207 222
208 209
208 223
209 210
209 224
210 225
211 212
212 213
213 214
214 215
215 216
216 217
217 218
218 219
219 220
27 194
26 183
26 195
183 184
183 196
184 31
184 38
31 185
31 2
185 186
185 197
186 187
186 198
187 188
187 6
188 189
188 199
189 20
190 191
190 28
191 192
191 200
192 39
192 201
39 193
39 24
193 194
193 202
194 195
194 203
195 196
195 204
196 38
196 205
38 2
38 206
2 197
2 41
197 198
197 15
198 6
198 207
6 199
164 177
165 17
166 167
166 178
167 168
167 179
168 16
168 180
16 169
16 181
169 170
169 182
170 171
170 27
171 172
171 26
172 173
172 183
173 5
173 184
5 174
5 31
174 175
174 185
175 176
175 186
176 177
176 187
177 17
177 188
17 189
178 179
178 190
179 180
179 191
180 181
180 192
181 182
181 39
182 27
182 193
27 26
91 4
92 93
104 4
92 105
93 94
93 106
103 115
94 95
94 107
95 96
103 104
95 108
96 97
96 109
102 21
97 98
97 110
98 32
102 103
98 111
32 99
32 112
101 37
99 100
99 113
100 101
100 114
157 168
158 3
158 16
3 159
3 169
159 14
159 170
14 13
14 171
13 160
13 172
160 161
160 173
161 30
161 5
30 162
30 174
162 163
162 175
163 164
163 176
164 165
78 87
1 79
110 111
1 19
79 23
79 11
109 121
23 88
40 80
40 89
109 110
80 81
80 90
81 82
108 120
81 36
82 83
82 91
108 109
83 84
83 92
84 85
107 119
84 93
85 35
85 94
107 108
35 86
35 95
86 7
106 118
86 96
7 9
7 97
106 107
9 87
9 98
87 19
105 117
87 32
19 11
19 99
105 106
11 88
11 100
88 101
4 43
89 90
89 102
90 36
4 105
90 103
36 91
36 104
104 116
91 92
60 72
29 61
29 73
115 128
61 62
61 74
62 63
115 116
62 75
63 64
63 76
21 127
64 65
64 44
65 66
21 115
65 77
66 67
66 78
37 126
67 68
67 1
68 33
114 18
68 79
33 23
69 70
114 37
69 40
70 8
70 80
113 125
8 71
8 81
71 72
113 114
71 82
72 73
72 83
112 124
73 74
73 84
74 75
112 113
74 85
75 76
75 35
111 123
76 44
76 86
44 77
111 112
44 7
77 78
77 9
110 122
78 1
121 135
45 46
45 57
121 122
46 22
46 58
22 34
120 134
22 10
34 47
34 59
120 121
47 48
47 60
48 49
119 133
48 29
49 50
49 61
119 120
50 51
50 62
51 52
118 132
51 63
52 53
52 64
118 119
53 54
53 65
54 55
117 131
54 66
55 12
55 67
117 118
12 56
12 68
56 33
43 130
57 58
57 69
58 10
43 117
58 70
10 59
10 8
116 129
59 60
59 71
60 29
116 43
128 141
128 129
127 140
127 128
126 139
18 42
18 126
125 138
125 18
124 137
124 125
123 25
123 124
122 136
122 123
135 148
135 136
134 147
134 135
133 146
133 134
132 145
132 133
131 144
131 132
130 143
130 131
129 142
129 130
141 142
140 155
140 141
139 154
42 153
42 139
138 152
138 42
137 151
137 138
25 150
25 137
136 149
136 25
148 149
147 13
147 148
146 14
146 147
145 159
145 146
144 3
144 145
143 158
143 144
142 157
142 143
141 156
155 166
155 156
154 165
153 164
153 154
152 163
152 153
151 162
151 152
150 30
150 151
149 161
149 150
148 160
157 158
156 167
156 157
22
1 23
2 24
3 25
4 26
5 27
6 28
7 29
8 30
9 31
10 32
11 33
12 34
13 35
14 36
15 37
16 38
17 39
18 40
19 41
20 42
21 43
22 44