225 420
22 25
25 222
222 223
223 224
224 225
197 212
198 199
198 213
199 214
200 201
200 15
201 202
201 215
202 203
202 216
203 204
203 217
204 205
204 218
205 206
205 219
206 207
206 18
207 208
207 220
208 209
208 221
209 210
209 22
210 211
210 25
211 212
211 222
212 213
212 223
213 214
213 224
214 225
15 215
215 216
216 217
217 218
218 219
219 18
18 220
220 221
221 22
176 190
177 36
177 191
36 178
36 192
178 179
178 193
179 180
179 194
180 181
180 195
181 182
181 196
182 183
182 197
183 184
183 198
184 199
185 186
185 200
186 187
186 201
187 188
187 202
188 189
188 203
189 190
189 204
190 191
190 205
191 192
191 206
192 193
192 207
193 194
193 208
194 195
194 209
195 196
195 210
196 197
196 211
197 198
156 170
11 171
157 158
157 172
158 159
158 173
159 160
159 174
160 161
160 7
161 162
161 175
162 163
162 176
163 164
163 177
164 165
164 36
165 166
165 178
166 167
166 179
167 168
167 180
168 169
168 181
169 170
169 182
170 171
170 183
171 184
172 173
172 185
173 174
173 186
174 7
174 187
7 175
7 188
175 176
175 189
176 177
23 103
16 94
102 103
16 104
94 24
94 105
101 114
24 8
24 13
8 95
101 102
8 106
95 96
95 35
100 113
96 34
96 107
34 97
100 101
34 108
97 98
97 109
6 112
98 99
98 110
99 6
99 111
146 159
147 19
147 160
19 148
19 161
148 149
148 162
149 150
149 163
150 151
150 164
151 152
151 165
152 153
152 166
153 154
153 167
154 155
154 168
155 156
155 169
156 11
79 89
80 81
107 108
80 90
81 82
81 28
35 29
82 91
83 9
83 14
35 107
9 20
9 92
20 84
106 27
20 93
84 85
84 23
106 35
85 26
85 16
26 86
13 10
26 94
86 39
86 24
13 106
39 87
39 8
87 88
105 117
87 95
88 32
88 96
105 13
32 89
32 34
89 90
104 116
89 97
90 28
90 98
104 105
28 91
28 99
91 6
103 115
14 92
14 100
92 93
103 104
92 101
93 23
93 102
102 21
23 16
43 72
59 60
59 73
114 122
60 61
60 74
61 62
114 21
61 75
62 63
62 76
113 121
63 64
63 77
64 65
113 114
64 78
65 66
65 79
112 120
66 67
66 80
67 12
111 119
67 81
12 82
68 69
111 112
68 83
69 70
69 9
110 118
70 71
70 20
71 72
110 111
71 84
72 73
72 85
109 30
73 74
73 26
74 75
109 110
74 86
75 76
75 39
108 40
76 77
76 87
77 78
108 109
77 88
78 79
78 32
107 4
79 80
29 17
1 45
1 56
29 4
45 46
45 57
46 47
27 128
46 38
47 48
47 58
27 29
48 49
48 43
49 50
10 127
49 59
50 3
50 60
10 27
3 51
3 61
51 52
117 126
51 62
52 53
52 63
117 10
53 54
53 64
54 55
116 125
54 65
55 41
55 66
116 117
41 33
41 67
33 12
115 124
56 57
56 68
57 38
115 116
57 69
38 58
38 70
21 123
58 43
58 71
43 59
21 115
122 133
122 123
121 132
121 122
120 2
119 131
119 120
118 31
118 119
30 130
30 118
40 129
40 30
4 37
4 40
17 138
17 37
128 137
128 17
127 136
127 128
126 44
126 127
125 135
125 126
124 134
124 125
123 42
123 124
133 42
132 144
132 133
2 143
131 142
131 2
31 5
31 131
130 141
130 31
129 140
129 130
37 139
37 129
138 139
137 150
137 138
136 149
136 137
44 148
44 136
135 19
135 44
134 147
134 135
42 146
42 134
133 145
144 157
144 145
143 11
142 156
142 143
5 155
5 142
141 154
141 5
140 153
140 141
139 152
139 140
138 151
146 147
145 158
145 146
22
1 23
2 24
3 25
4 26
5 27
6 28
7 29
8 30
9 31
10 32
11 33
12 34
13 35
14 36
15 37
16 38
17 39
18 40
19 41
20 42
21 43
22 44