225 420
223 30
30 224
224 39
39 18
18 225
7 211
198 199
198 212
199 213
200 201
200 214
201 202
201 215
202 203
202 216
203 204
203 217
204 38
204 218
38 205
38 219
205 206
205 220
206 207
206 221
207 208
207 222
208 209
208 223
209 210
209 30
210 211
210 224
211 212
211 39
212 213
212 18
213 225
214 215
215 216
216 217
217 218
218 219
219 220
220 221
221 222
222 223
44 4
182 183
182 193
183 184
183 20
184 185
184 194
185 186
185 195
186 187
186 196
187 40
187 197
40 188
40 7
188 42
188 198
42 199
189 190
189 200
190 191
190 201
191 192
191 202
192 12
192 203
12 4
12 204
4 193
4 38
193 20
193 205
20 194
20 206
194 195
194 207
195 196
195 208
196 197
196 209
197 7
197 210
7 198
32 29
166 178
167 168
167 36
168 169
168 179
169 170
169 180
170 15
170 181
15 171
15 26
171 172
171 44
172 173
172 182
173 174
173 183
174 175
174 184
175 176
175 185
176 5
176 186
5 177
5 187
177 29
177 40
29 178
29 188
178 42
36 179
36 189
179 180
179 190
180 181
180 191
181 26
181 192
26 44
26 12
44 182
96 107
97 9
10 107
97 108
9 98
9 109
31 119
98 99
98 110
99 100
31 10
99 111
100 2
100 112
106 118
2 101
2 113
101 102
106 31
101 114
102 103
102 115
105 28
103 104
103 116
104 105
104 117
156 169
157 158
157 170
158 159
158 15
159 160
159 171
160 161
160 172
161 162
161 173
162 163
162 174
163 3
163 175
3 164
3 176
164 165
164 5
165 32
165 177
32 166
6 16
80 21
113 114
80 91
21 27
21 92
112 124
27 93
81 82
81 94
112 113
82 83
82 43
83 84
111 1
83 95
84 85
84 96
111 112
85 86
85 97
86 87
110 123
86 9
87 19
87 98
110 111
19 88
19 99
88 89
109 37
88 100
89 90
89 2
109 110
90 16
90 101
16 91
108 122
16 102
91 92
91 103
108 109
92 93
92 104
93 105
107 121
94 43
94 106
43 95
107 108
43 31
95 96
95 10
10 120
96 97
14 73
61 62
61 74
119 25
62 63
62 75
63 24
119 120
63 76
24 64
24 77
118 129
64 65
64 78
65 66
118 119
65 79
66 67
66 6
28 128
67 68
67 80
68 69
117 127
68 21
69 27
70 71
117 28
70 81
71 41
71 82
116 126
41 72
41 83
72 73
116 117
72 84
73 74
73 85
115 17
74 75
74 86
75 76
115 116
75 87
76 77
76 19
114 125
77 78
77 88
78 79
114 115
78 89
79 6
79 90
113 34
6 80
124 136
45 46
45 57
124 34
46 47
46 58
47 48
1 135
47 59
48 35
48 60
1 124
35 49
35 14
49 11
123 134
49 61
11 13
11 62
123 1
13 50
13 63
50 51
37 133
50 24
51 52
51 64
37 123
52 53
52 65
53 54
122 132
53 66
54 55
54 67
122 37
55 56
55 68
56 69
121 131
57 58
57 70
58 59
121 122
58 71
59 60
59 41
120 130
60 14
60 72
14 61
120 121
25 142
25 130
129 141
129 25
128 33
127 23
127 128
126 140
126 127
17 139
17 126
125 138
125 17
34 137
34 125
136 149
136 137
135 148
135 136
134 147
134 135
133 146
133 134
132 145
132 133
131 144
131 132
130 143
130 131
142 143
141 155
141 142
33 22
23 154
23 33
140 153
140 23
139 152
139 140
138 151
138 139
137 150
137 138
149 150
148 161
148 149
147 160
147 148
146 159
146 147
145 158
145 146
144 157
144 145
143 156
143 144
142 8
155 167
155 8
22 166
154 32
154 22
153 165
153 154
152 164
152 153
151 3
151 152
150 163
150 151
149 162
156 157
8 168
8 156
22
1 23
2 24
3 25
4 26
5 27
6 28
7 29
8 30
9 31
10 32
11 33
12 34
13 35
14 36
15 37
16 38
17 39
18 40
19 41
20 42
21 43
22 44