225 420
221 222
222 223
223 224
224 225
225 42
34 12
202 203
202 213
203 214
204 13
204 215
13 23
13 8
23 205
23 7
205 206
205 216
206 207
206 217
207 208
207 218
208 209
208 33
209 210
209 219
210 16
210 220
16 211
16 221
211 212
211 222
212 12
212 223
12 213
12 224
213 214
213 225
214 42
215 8
8 7
7 216
216 217
217 218
218 33
33 219
219 220
220 221
43 200
39 187
39 201
187 188
187 28
188 189
188 21
189 190
189 2
190 191
190 37
191 192
191 20
192 193
192 34
193 194
193 202
194 203
195 196
195 204
196 197
196 13
197 198
197 23
198 199
198 205
199 200
199 206
200 201
200 207
201 28
201 208
28 21
28 209
21 2
21 210
2 37
2 16
37 20
37 211
20 34
20 212
34 202
10 180
1 181
171 4
171 182
4 172
4 183
172 5
172 184
5 173
5 185
173 15
173 186
15 174
15 43
174 175
174 39
175 176
175 187
176 177
176 188
177 178
177 189
178 6
178 190
6 179
6 191
179 180
179 192
180 181
180 193
181 194
182 183
182 195
183 184
183 196
184 185
184 197
185 186
185 198
186 43
186 199
43 39
100 113
35 101
112 113
35 114
101 102
101 115
111 125
102 103
102 116
103 22
111 112
103 117
22 104
22 118
110 124
104 105
104 119
105 106
110 111
105 120
106 107
106 18
109 123
107 108
107 121
108 109
108 122
162 172
17 163
17 5
163 164
163 173
164 165
164 15
165 166
165 174
166 167
166 175
167 168
167 176
168 169
168 177
169 170
169 178
170 36
170 6
36 10
36 179
10 1
81 93
82 83
119 120
82 94
83 84
83 95
118 131
84 96
85 86
85 97
118 119
86 87
86 98
87 14
117 130
87 99
14 88
14 100
117 118
88 89
88 35
89 90
116 129
89 101
90 32
90 102
116 117
32 41
32 103
41 91
115 128
41 22
91 92
91 104
115 116
92 93
92 105
93 94
114 3
93 106
94 95
94 107
114 115
95 96
95 108
96 109
113 127
97 98
97 110
98 99
113 114
98 111
99 100
99 112
112 126
100 35
63 75
64 65
64 27
125 137
65 66
65 76
66 67
125 126
66 77
67 31
67 78
124 29
31 68
31 79
68 69
124 125
68 80
69 70
69 81
123 136
70 71
70 82
71 26
122 135
71 83
26 84
72 73
122 123
72 85
73 11
73 86
121 134
11 74
11 87
74 75
121 122
74 14
75 27
75 88
18 133
27 76
27 89
76 77
18 121
76 90
77 78
77 32
120 25
78 79
78 41
79 80
120 18
79 91
80 81
80 92
119 132
81 82
131 24
45 46
45 59
131 132
46 47
46 60
47 48
130 141
47 61
48 40
48 62
130 131
40 49
40 63
49 50
129 9
49 64
50 51
50 65
129 130
51 52
51 66
52 53
128 140
52 67
53 54
53 31
128 129
54 55
54 68
55 56
3 139
55 69
56 57
56 70
3 128
57 58
57 71
58 26
127 44
59 60
59 72
60 61
127 3
60 73
61 62
61 11
126 138
62 63
62 74
63 64
126 127
137 147
137 138
29 38
29 137
136 30
135 146
135 136
134 145
134 135
133 144
133 134
25 143
25 133
132 142
132 25
24 153
24 142
141 152
141 24
9 151
9 141
140 150
140 9
139 149
139 140
44 19
44 139
138 148
138 44
147 148
38 160
38 147
30 159
146 158
146 30
145 157
145 146
144 156
144 145
143 155
143 144
142 154
142 143
153 154
152 166
152 153
151 165
151 152
150 164
150 151
149 163
149 150
19 17
19 149
148 162
148 19
147 161
160 171
160 161
159 1
158 10
158 159
157 36
157 158
156 170
156 157
155 169
155 156
154 168
154 155
153 167
162 17
161 4
161 162
22
1 23
2 24
3 25
4 26
5 27
6 28
7 29
8 30
9 31
10 32
11 33
12 34
13 35
14 36
15 37
16 38
17 39
18 40
19 41
20 42
21 43
22 44