225 420
222 38
38 36
36 223
223 224
224 225
202 213
4 203
4 214
203 215
204 205
204 26
205 206
205 216
206 7
206 217
7 16
7 218
16 207
16 19
207 208
207 219
208 209
208 220
209 210
209 221
210 43
210 24
43 211
43 222
211 212
211 38
212 213
212 36
213 214
213 223
214 215
214 224
215 225
26 216
216 217
217 218
218 19
19 219
219 220
220 221
221 24
24 222
184 195
21 185
21 196
185 186
185 197
186 11
186 198
11 3
11 199
3 187
3 200
187 188
187 201
188 189
188 202
189 190
189 4
190 203
191 192
191 204
192 193
192 205
193 194
193 206
194 34
194 7
34 195
34 16
195 196
195 207
196 197
196 208
197 198
197 209
198 199
198 210
199 200
199 43
200 201
200 211
201 202
201 212
202 4
39 32
167 31
168 169
168 179
169 170
169 180
170 171
170 181
171 172
171 182
172 173
172 183
173 174
173 184
174 9
174 21
9 175
9 185
175 176
175 186
176 40
176 11
40 177
40 3
177 178
177 187
178 32
178 188
32 31
32 189
31 190
179 180
179 191
180 181
180 192
181 182
181 193
182 183
182 194
183 184
183 34
184 21
98 109
13 99
108 109
13 110
99 100
99 111
107 121
100 41
100 112
41 101
107 108
41 113
101 102
101 20
15 120
102 103
102 114
103 104
15 107
103 115
104 105
104 116
44 119
105 106
105 117
106 44
106 118
159 170
27 160
27 171
160 161
160 172
161 162
161 173
162 163
162 174
163 25
163 9
25 164
25 175
164 18
164 176
18 165
18 40
165 166
165 177
166 39
166 178
39 167
78 93
79 80
114 115
79 23
80 81
80 94
20 126
81 95
82 83
82 96
20 114
83 84
83 35
84 85
113 125
84 97
85 86
85 98
113 20
86 87
86 13
87 88
112 124
87 99
88 89
88 100
112 113
89 90
89 41
90 91
111 2
90 101
91 92
91 102
111 112
92 93
92 103
93 23
110 123
93 104
23 94
23 105
110 111
94 95
94 106
95 44
109 122
96 35
96 15
35 97
109 110
35 107
97 98
97 108
108 33
98 13
60 72
1 61
1 73
121 133
61 22
61 29
22 62
121 33
22 74
62 63
62 75
120 132
63 64
63 76
64 65
120 121
64 77
65 66
65 78
119 131
66 67
66 79
67 30
118 130
67 80
30 81
68 69
118 119
68 82
69 70
69 83
117 129
70 71
70 84
71 72
117 118
71 85
72 73
72 86
116 128
73 29
73 87
29 74
116 117
29 88
74 75
74 89
115 127
75 76
75 90
76 77
115 116
76 91
77 78
77 92
114 12
78 79
126 138
10 8
10 56
126 12
8 45
8 57
45 17
125 5
45 58
17 46
17 59
125 126
46 47
46 60
47 48
124 137
47 1
48 49
48 61
124 125
49 50
49 22
50 14
2 136
50 62
14 51
14 63
2 124
51 52
51 64
52 53
123 135
52 65
53 54
53 66
123 2
54 55
54 67
55 30
122 42
56 57
56 68
57 58
122 123
57 69
58 59
58 70
33 134
59 60
59 71
60 1
33 122
133 145
133 134
132 144
132 133
131 143
130 142
130 131
129 37
129 130
128 141
128 129
127 140
127 128
12 139
12 127
138 150
138 139
5 149
5 138
137 148
137 5
136 147
136 137
135 28
135 136
42 6
42 135
134 146
134 42
145 146
144 157
144 145
143 156
142 155
142 143
37 154
37 142
141 153
141 37
140 152
140 141
139 151
139 140
150 151
149 163
149 150
148 162
148 149
147 161
147 148
28 160
28 147
6 27
6 28
146 159
146 6
145 158
157 168
157 158
156 167
155 39
155 156
154 166
154 155
153 165
153 154
152 18
152 153
151 164
151 152
150 25
159 27
158 169
158 159
22
1 23
2 24
3 25
4 26
5 27
6 28
7 29
8 30
9 31
10 32
11 33
12 34
13 35
14 36
15 37
16 38
17 39
18 40
19 41
20 42
21 43
22 44