225 420
220 221
221 222
222 223
223 224
224 225
198 210
199 200
199 211
200 1
201 38
201 212
38 202
38 213
202 203
202 214
203 43
203 215
43 204
43 216
204 205
204 217
205 206
205 15
206 207
206 218
207 208
207 219
208 25
208 220
25 209
25 221
209 210
209 222
210 211
210 223
211 1
211 224
1 225
212 213
213 214
214 215
215 216
216 217
217 15
15 218
218 219
219 220
180 192
181 182
181 193
182 31
182 194
31 183
31 195
183 184
183 196
184 185
184 28
185 186
185 197
186 18
186 198
18 187
18 199
187 200
188 189
188 201
189 22
189 38
22 190
22 202
190 191
190 203
191 192
191 43
192 193
192 204
193 194
193 205
194 195
194 206
195 196
195 207
196 28
196 208
28 197
28 25
197 198
197 209
198 199
160 174
161 175
162 163
162 176
163 164
163 177
164 165
164 35
165 5
165 178
5 166
5 179
166 167
166 180
167 168
167 181
168 169
168 182
169 170
169 31
170 171
170 183
171 172
171 184
172 173
172 185
173 174
173 186
174 175
174 18
175 187
176 177
176 188
177 35
177 189
35 178
35 22
178 179
178 190
179 180
179 191
180 181
94 103
27 95
41 103
27 104
95 8
95 105
33 114
8 96
8 106
96 97
33 41
96 107
97 98
97 108
14 40
98 99
98 42
99 100
14 33
99 109
100 2
100 110
102 113
2 101
2 111
101 102
101 112
39 164
152 153
152 165
153 13
153 5
13 154
13 166
154 3
154 167
3 155
3 168
155 156
155 169
156 157
156 170
157 158
157 171
158 159
158 172
159 160
159 173
160 161
75 88
76 77
42 109
76 89
77 78
77 90
108 121
78 91
79 26
79 92
108 42
26 80
26 93
80 81
107 120
80 19
81 82
81 94
107 108
82 32
82 27
32 83
106 119
32 95
83 84
83 8
106 107
84 85
84 96
85 86
105 118
85 97
86 87
86 98
105 106
87 88
87 99
88 89
104 117
88 100
89 90
89 2
104 105
90 91
90 101
91 102
103 116
92 93
92 14
93 19
103 104
93 33
19 94
19 41
41 115
94 27
17 73
63 11
63 6
114 127
11 64
11 4
64 65
114 115
64 12
65 66
65 20
40 126
66 67
66 34
67 68
40 114
67 74
68 44
68 75
113 23
44 21
44 76
21 69
112 125
21 77
69 78
70 29
112 113
70 79
29 71
29 26
111 124
71 72
71 80
72 73
111 112
72 81
73 6
73 82
110 123
6 4
6 32
4 12
110 111
4 83
12 20
12 84
109 7
20 34
20 85
34 74
109 110
34 86
74 75
74 87
42 122
75 76
121 131
9 45
9 59
121 122
45 46
45 60
46 47
120 36
46 61
47 48
47 62
120 121
48 49
48 17
49 50
119 24
49 63
50 51
50 11
119 120
51 52
51 64
52 53
118 16
52 65
53 54
53 66
118 119
54 55
54 67
55 56
117 130
55 68
56 57
56 44
117 118
57 58
57 21
58 69
116 129
59 60
59 70
60 61
116 117
60 29
61 62
61 71
115 128
62 17
62 72
17 63
115 116
127 139
127 128
126 138
126 127
23 137
125 136
125 23
124 135
124 125
123 134
123 124
7 133
7 123
122 132
122 7
131 145
131 132
36 144
36 131
24 143
24 36
16 142
16 24
130 141
130 16
129 140
129 130
128 30
128 129
139 30
138 150
138 139
137 10
136 149
136 137
135 148
135 136
134 37
134 135
133 147
133 134
132 146
132 133
145 146
144 3
144 145
143 154
143 144
142 13
142 143
141 153
141 142
140 152
140 141
30 39
30 140
139 151
150 162
150 151
10 161
149 160
149 10
148 159
148 149
37 158
37 148
147 157
147 37
146 156
146 147
145 155
39 152
151 163
151 39
22
1 23
2 24
3 25
4 26
5 27
6 28
7 29
8 30
9 31
10 32
11 33
12 34
13 35
14 36
15 37
16 38
17 39
18 40
19 41
20 42
21 43
22 44