225 420
221 222
222 223
223 224
224 8
8 225
199 210
200 1
200 211
1 212
201 7
201 213
7 202
7 214
202 203
202 215
203 29
203 216
29 204
29 217
204 205
204 218
205 206
205 219
206 207
206 17
207 208
207 220
208 26
208 221
26 209
26 222
209 210
209 223
210 211
210 224
211 212
211 8
212 225
213 214
214 215
215 216
216 217
217 218
218 219
219 17
17 220
220 221
181 13
182 183
182 194
183 184
183 195
184 185
184 196
185 15
185 197
15 186
15 21
186 23
186 198
23 187
23 199
187 188
187 200
188 1
189 190
189 201
190 191
190 7
191 192
191 202
192 193
192 203
193 13
193 29
13 194
13 204
194 195
194 205
195 196
195 206
196 197
196 207
197 21
197 208
21 198
21 26
198 199
198 209
199 200
168 176
3 177
169 19
169 178
19 5
19 179
5 170
5 44
170 35
170 36
35 39
35 180
39 171
39 181
171 38
171 182
38 172
38 183
172 31
172 184
31 173
31 185
173 174
173 15
174 175
174 186
175 176
175 23
176 177
176 187
177 188
178 179
178 189
179 44
179 190
44 36
44 191
36 180
36 192
180 181
180 193
181 182
98 111
2 99
110 111
2 112
99 100
99 113
109 122
100 20
100 14
20 101
109 110
20 114
101 102
101 115
108 121
102 103
102 28
103 104
108 109
103 116
104 105
104 117
107 120
105 106
105 118
106 107
106 119
160 5
161 43
161 170
43 162
43 35
162 4
162 39
4 30
4 171
30 163
30 38
163 164
163 172
164 165
164 31
165 166
165 173
166 167
166 174
167 168
167 175
168 3
79 92
11 80
28 116
11 93
80 81
80 94
115 129
81 95
82 22
82 96
115 28
22 83
22 40
83 84
114 128
83 97
84 85
84 98
114 115
85 86
85 2
86 87
14 127
86 99
87 88
87 100
14 114
88 89
88 20
89 90
113 126
89 101
90 91
90 102
113 14
91 92
91 103
92 93
112 125
92 104
93 94
93 105
112 113
94 95
94 106
95 107
111 124
96 40
96 108
40 97
111 112
40 109
97 98
97 110
110 123
98 2
63 74
64 65
64 16
122 136
65 9
65 75
9 66
122 123
9 42
66 33
66 76
121 135
33 67
33 77
67 68
121 122
67 78
68 69
68 79
120 10
69 18
69 11
18 70
119 134
18 80
70 81
71 12
119 120
71 82
12 72
12 22
118 133
72 73
72 83
73 74
118 119
73 84
74 16
74 85
117 132
16 75
16 86
75 42
117 118
75 87
42 76
42 88
116 131
76 77
76 89
77 78
116 117
77 90
78 79
78 91
28 130
79 11
129 142
45 46
45 59
129 130
46 47
46 60
47 24
128 27
47 61
24 48
24 62
128 129
48 49
48 63
49 50
127 141
49 64
50 51
50 65
127 128
51 52
51 9
52 53
126 140
52 66
53 54
53 33
126 127
54 55
54 67
55 56
125 139
55 68
56 57
56 69
125 126
57 58
57 18
58 70
124 138
59 60
59 71
60 61
124 125
60 12
61 62
61 72
123 137
62 63
62 73
63 64
123 124
136 149
136 137
135 148
135 136
10 147
134 146
134 10
133 37
133 134
132 145
132 133
131 144
131 132
130 143
130 131
142 153
142 143
27 25
27 142
141 6
141 27
140 152
140 141
139 151
139 140
138 41
138 139
137 150
137 138
149 150
148 158
148 149
147 32
146 157
146 147
37 156
37 146
145 34
145 37
144 155
144 145
143 154
143 144
153 154
25 30
25 153
6 4
6 25
152 162
152 6
151 43
151 152
41 161
41 151
150 160
150 41
149 159
158 169
158 159
32 3
157 168
157 32
156 167
156 157
34 166
34 156
155 165
155 34
154 164
154 155
153 163
160 161
159 19
159 160
22
1 23
2 24
3 25
4 26
5 27
6 28
7 29
8 30
9 31
10 32
11 33
12 34
13 35
14 36
15 37
16 38
17 39
18 40
19 41
20 42
21 43
22 44