225 420
220 221
221 222
222 223
223 224
224 225
39 210
198 16
198 211
16 212
199 200
199 213
200 201
200 214
201 202
201 22
202 203
202 215
203 21
203 216
21 204
21 13
204 205
204 217
205 206
205 218
206 207
206 219
207 208
207 220
208 209
208 221
209 210
209 222
210 211
210 223
211 212
211 224
212 225
213 214
214 22
22 215
215 216
216 13
13 217
217 218
218 219
219 220
180 193
181 30
181 194
30 182
30 11
182 183
182 43
183 184
183 195
184 185
184 196
185 186
185 197
186 42
186 39
42 187
42 198
187 16
188 189
188 199
189 190
189 200
190 191
190 201
191 192
191 202
192 193
192 203
193 194
193 21
194 11
194 204
11 43
11 205
43 195
43 206
195 196
195 207
196 197
196 208
197 39
197 209
39 198
163 33
41 176
164 38
164 177
38 165
38 17
165 166
165 178
166 167
166 35
167 168
167 179
168 169
168 180
169 170
169 181
170 171
170 30
171 172
171 182
172 173
172 183
173 174
173 184
174 175
174 185
175 33
175 186
33 176
33 42
176 187
177 17
177 188
17 178
17 189
178 35
178 190
35 179
35 191
179 180
179 192
180 181
95 105
8 7
26 105
8 106
7 96
7 107
104 117
96 97
96 40
97 9
104 26
97 108
9 98
9 109
103 116
98 99
98 110
99 100
103 104
99 111
100 6
100 112
102 115
6 101
6 113
101 102
101 114
156 165
25 157
25 166
157 29
157 167
29 158
29 168
158 5
158 169
5 1
5 170
1 159
1 171
159 160
159 172
160 161
160 173
161 162
161 174
162 163
162 175
163 41
80 91
81 82
110 111
81 4
82 83
82 12
109 123
83 19
84 10
84 92
109 110
10 14
10 93
14 85
108 122
14 94
85 86
85 95
108 109
86 87
86 8
87 88
40 121
87 7
88 32
88 96
40 108
32 89
32 97
89 90
107 120
89 9
90 28
90 98
107 40
28 91
28 99
91 4
106 119
91 100
4 12
4 6
106 107
12 19
12 101
19 102
105 118
92 93
92 103
93 94
105 106
93 104
94 95
94 26
26 36
95 8
61 73
34 62
34 74
117 129
62 63
62 75
63 64
117 36
63 76
64 65
64 77
116 128
65 24
65 78
24 66
116 117
24 79
66 67
66 80
115 127
67 68
67 81
68 69
114 23
68 82
69 83
70 71
114 115
70 84
71 18
71 10
113 27
18 72
18 14
72 73
113 114
72 85
73 74
73 86
112 126
74 75
74 87
75 76
112 113
75 88
76 77
76 32
111 125
77 78
77 89
78 79
111 112
78 90
79 80
79 28
110 124
80 81
123 135
45 37
45 15
123 124
37 46
37 59
46 47
122 31
46 2
47 48
47 60
122 123
48 49
48 61
49 50
121 134
49 34
50 51
50 62
121 122
51 52
51 63
52 53
120 133
52 64
53 54
53 65
120 121
54 55
54 24
55 56
119 132
55 66
56 57
56 67
119 120
57 58
57 68
58 69
118 131
15 59
15 70
59 2
118 119
59 71
2 60
2 18
36 130
60 61
60 72
61 34
36 118
129 141
129 130
128 140
128 129
127 139
23 3
23 127
27 138
27 23
126 44
126 27
125 137
125 126
124 136
124 125
135 147
135 136
31 146
31 135
134 145
134 31
133 20
133 134
132 144
132 133
131 143
131 132
130 142
130 131
141 142
140 154
140 141
139 153
3 152
3 139
138 151
138 3
44 150
44 138
137 149
137 44
136 148
136 137
147 148
146 5
146 147
145 158
145 146
20 29
20 145
144 157
144 20
143 25
143 144
142 156
142 143
141 155
154 164
154 155
153 41
152 163
152 153
151 162
151 152
150 161
150 151
149 160
149 150
148 159
148 149
147 1
156 25
155 38
155 156
22
1 23
2 24
3 25
4 26
5 27
6 28
7 29
8 30
9 31
10 32
11 33
12 34
13 35
14 36
15 37
16 38
17 39
18 40
19 41
20 42
21 43
22 44