225 420
220 221
221 222
222 223
223 224
224 225
199 210
200 201
200 211
201 212
202 203
202 213
203 36
203 214
36 204
36 215
204 205
204 216
205 206
205 9
206 21
206 13
21 207
21 217
207 16
207 218
16 208
16 219
208 26
208 220
26 209
26 221
209 210
209 222
210 211
210 223
211 212
211 224
212 225
213 214
214 215
215 216
216 9
9 13
13 217
217 218
218 219
219 220
179 192
180 181
180 193
181 182
181 194
182 183
182 195
183 184
183 196
184 11
184 197
11 185
11 198
185 186
185 199
186 187
186 200
187 201
188 189
188 202
189 190
189 203
190 191
190 36
191 14
191 204
14 192
14 205
192 193
192 206
193 194
193 21
194 195
194 207
195 196
195 16
196 197
196 208
197 198
197 26
198 199
198 209
199 200
3 174
164 175
165 166
165 176
166 34
166 19
34 167
34 4
167 168
167 177
168 169
168 178
169 18
169 179
18 42
18 180
42 170
42 181
170 32
170 182
32 171
32 183
171 172
171 184
172 173
172 11
173 174
173 185
174 175
174 186
175 187
176 19
176 188
19 4
19 189
4 177
4 190
177 178
177 191
178 179
178 14
179 180
97 109
98 99
108 109
98 110
99 100
99 111
107 121
100 37
100 112
37 101
107 108
37 113
101 102
101 114
106 120
102 103
102 115
103 104
106 107
103 116
104 41
104 29
105 119
41 39
41 117
39 105
39 118
155 34
156 7
156 167
7 157
7 168
157 158
157 169
158 159
158 18
159 160
159 42
160 161
160 170
161 6
161 32
6 162
6 171
162 163
162 172
163 3
163 173
3 164
77 91
78 79
115 116
78 92
79 80
79 93
114 31
80 94
81 82
81 95
114 115
82 83
82 1
83 22
113 125
83 96
22 84
22 97
113 114
84 85
84 98
85 86
112 124
85 99
86 87
86 100
112 113
87 88
87 37
88 89
111 123
88 101
89 90
89 102
111 112
90 91
90 103
91 92
110 122
91 104
92 93
92 41
110 111
93 94
93 39
94 105
109 38
95 1
95 106
1 96
109 110
1 107
96 97
96 108
108 2
97 98
61 71
44 5
44 72
121 131
5 62
5 73
62 63
121 2
62 74
63 64
63 75
120 40
64 65
64 76
65 66
120 121
65 17
66 33
66 77
119 130
33 25
33 78
25 67
118 129
25 79
67 80
68 69
118 119
68 81
69 30
69 82
117 20
30 70
30 83
70 71
117 118
70 22
71 72
71 84
29 128
72 73
72 85
73 74
29 117
73 86
74 75
74 87
116 127
75 76
75 88
76 17
116 29
76 89
17 77
17 90
115 126
77 78
31 28
45 46
45 35
31 126
46 47
46 59
47 48
125 136
47 60
48 49
48 10
125 31
49 24
49 61
24 50
124 135
24 44
50 51
50 5
124 125
51 52
51 62
52 53
123 134
52 63
53 54
53 64
123 124
54 55
54 65
55 56
122 133
55 66
56 57
56 33
122 123
57 58
57 25
58 67
38 132
35 59
35 68
59 60
38 122
59 69
60 10
60 30
2 8
10 61
10 70
61 44
2 38
131 143
131 8
40 142
40 131
130 141
129 140
129 130
20 139
20 129
128 138
128 20
127 137
127 128
126 27
126 127
28 148
28 27
136 23
136 28
135 147
135 136
134 146
134 135
133 145
133 134
132 43
132 133
8 144
8 132
143 144
142 15
142 143
141 153
140 152
140 141
139 151
139 140
138 150
138 139
137 12
137 138
27 149
27 137
148 149
23 159
23 148
147 158
147 23
146 157
146 147
145 7
145 146
43 156
43 145
144 155
144 43
143 154
15 165
15 154
153 164
152 3
152 153
151 163
151 152
150 162
150 151
12 6
12 150
149 161
149 12
148 160
155 156
154 166
154 155
22
1 23
2 24
3 25
4 26
5 27
6 28
7 29
8 30
9 31
10 32
11 33
12 34
13 35
14 36
15 37
16 38
17 39
18 40
19 41
20 42
21 43
22 44