500 1020
251 337
212 397
283 131
20 104
310 193
387 13
41 273
403 445
466 254
444 338
443 233
102 209
178 39
281 6
181 473
239 407
103 331
475 217
333 475
333 253
177 50
226 299
226 476
487 205
177 205
487 70
359 205
359 70
314 484
295 487
295 205
228 295
314 50
228 487
100 295
100 228
382 70
486 100
486 228
40 295
382 487
40 100
485 40
485 486
50 205
148 100
148 40
278 100
50 174
278 485
328 487
328 486
174 328
484 359
484 228
483 205
174 70
483 487
147 216
147 158
500 56
500 140
499 362
499 245
391 500
391 294
292 24
246 157
449 425
378 174
472 46
242 474
242 51
38 360
222 230
222 219
471 242
38 50
471 320
265 471
265 219
482 150
470 222
470 36
239 166
482 314
239 226
113 130
113 474
207 360
331 299
331 46
255 236
207 314
255 36
375 113
375 159
310 484
344 470
344 236
87 166
310 177
87 351
286 272
286 351
20 150
390 270
390 265
128 265
20 148
128 269
234 208
234 159
360 150
144 333
144 87
476 472
360 484
476 333
379 361
379 299
150 359
180 344
180 272
475 226
150 486
130 51
203 50
130 333
345 51
345 219
198 207
246 46
246 36
159 36
198 37
159 51
236 333
236 345
135 481
208 51
208 345
288 36
135 314
288 51
299 46
299 130
395 487
217 288
217 130
272 219
395 382
272 345
268 159
268 351
366 483
474 130
474 333
270 208
366 177
270 219
230 51
230 351
37 50
320 236
320 219
473 51
37 328
473 345
361 208
361 268
481 484
253 46
253 130
330 351
481 482
330 272
269 51
269 330
378 360
166 320
166 361
472 236
461 35
121 198
461 186
392 83
392 377
478 382
176 69
176 462
460 137
478 177
460 143
459 69
459 25
376 278
307 392
307 377
364 461
376 395
364 459
10 377
10 460
21 70
175 465
175 10
218 129
21 50
218 469
319 175
319 461
285 360
458 118
458 129
394 364
285 37
394 25
61 460
61 29
479 228
43 460
43 10
69 61
479 135
69 319
219 333
219 226
480 328
351 333
351 226
51 226
480 360
51 219
36 333
36 219
203 395
46 219
46 226
187 237
172 383
187 43
244 29
244 43
335 267
83 187
83 237
252 43
335 483
252 69
137 200
137 199
267 376
377 244
377 187
81 377
267 479
81 43
466 81
466 43
383 135
118 43
118 187
129 377
383 50
129 69
35 22
35 377
271 376
186 244
186 118
465 81
271 150
465 118
305 34
305 118
232 70
464 237
464 35
463 252
232 366
463 468
143 83
143 118
86 207
462 237
462 377
185 143
86 376
185 463
26 43
26 81
121 40
346 305
346 81
457 66
111 23
162 391
111 448
72 280
72 357
197 391
12 321
12 119
171 133
197 183
171 454
28 454
28 97
396 183
301 258
301 66
318 301
396 499
318 287
201 47
201 457
183 499
469 69
469 43
34 43
183 391
34 69
468 469
468 43
205 378
25 468
25 69
200 43
205 395
200 468
237 200
237 43
70 483
22 69
22 200
29 34
70 40
29 237
467 469
467 200
477 207
387 469
387 34
199 34
477 121
199 468
105 469
105 467
172 335
273 105
273 25
292 258
453 455
78 498
453 221
157 456
157 453
498 257
63 27
63 280
127 280
498 162
127 66
190 318
190 258
362 120
452 258
452 127
357 453
362 396
357 44
202 275
202 452
120 499
451 456
451 44
450 5
120 162
450 280
449 23
449 63
245 315
448 451
448 456
53 27
245 162
53 202
47 161
47 451
257 391
254 133
254 63
312 53
257 315
312 450
347 453
347 23
315 197
308 202
308 357
381 318
315 391
381 23
119 201
119 133
162 197
457 190
74 300
44 201
77 257
44 318
321 201
321 44
281 197
266 318
266 44
221 44
281 497
221 321
287 221
287 321
495 496
5 44
5 287
97 287
495 499
97 266
356 321
356 201
363 257
275 266
275 287
456 266
363 162
456 275
455 44
455 287
149 120
133 456
133 44
66 44
149 396
66 356
23 356
23 455
496 396
211 321
211 66
258 133
496 498
258 201
454 211
454 287
497 499
27 133
27 356
280 275
497 362
280 455
161 455
161 275
78 362
292 97
15 353
15 306
163 8
191 365
163 15
58 214
58 303
433 259
429 420
429 306
112 245
428 98
433 215
428 420
277 341
277 59
264 223
206 341
206 277
327 206
264 435
327 59
116 206
112 495
116 341
365 434
231 116
231 277
62 231
365 259
62 277
259 231
259 206
434 435
355 206
355 62
386 496
437 116
434 259
437 277
223 437
223 206
215 231
436 327
436 59
291 62
215 355
291 59
196 59
386 399
196 223
435 59
82 437
82 196
435 327
216 149
250 300
31 189
31 184
216 140
74 189
340 428
340 146
178 194
251 370
178 424
42 8
42 426
132 341
2 334
2 306
488 56
297 194
132 264
297 428
54 306
54 136
354 116
374 238
374 311
167 317
354 191
167 428
284 340
488 149
284 423
432 370
227 389
227 340
32 428
432 291
32 297
342 422
342 2
350 277
263 424
263 340
324 497
151 2
350 370
151 317
98 284
98 263
370 206
210 168
210 2
90 340
370 277
90 297
421 168
324 197
421 374
352 433
420 136
420 340
419 427
352 327
419 422
385 169
385 214
191 116
153 132
214 428
214 8
168 428
153 354
168 214
194 168
490 391
194 429
109 277
238 194
238 136
353 169
109 433
353 428
303 238
303 353
431 437
427 169
427 136
489 245
426 194
431 82
426 168
334 428
334 214
233 436
425 353
425 194
397 238
233 432
397 427
146 353
489 294
146 169
193 206
424 146
424 194
338 429
193 432
338 353
102 428
102 238
384 435
317 168
317 429
56 495
389 214
384 231
389 238
311 194
311 353
212 259
423 146
423 389
422 424
212 132
422 136
306 214
56 396
306 303
251 132
348 256
9 350
96 410
96 412
140 248
173 413
9 223
173 412
3 96
3 45
372 196
99 173
99 349
241 409
372 434
241 84
138 170
140 363
138 14
65 291
323 165
323 96
418 45
65 430
418 165
358 195
358 182
1 59
332 138
332 256
213 110
290 195
1 434
290 349
95 279
95 195
430 191
68 415
68 290
16 309
430 62
16 165
417 414
213 399
417 48
261 277
108 411
108 415
48 358
261 259
48 182
156 414
156 170
329 132
136 429
136 428
490 257
8 136
329 277
8 428
169 136
169 428
414 256
341 264
45 14
45 84
413 117
341 231
413 256
380 14
380 156
141 240
170 414
170 380
101 499
412 415
141 329
412 256
165 256
165 309
240 352
279 413
279 122
411 256
240 438
411 45
283 14
101 245
283 256
282 261
104 14
104 117
410 48
282 432
410 309
409 279
409 48
438 59
408 412
408 410
491 183
182 122
438 62
182 45
152 415
152 73
439 82
41 411
41 408
349 45
439 433
349 195
322 411
491 298
322 152
296 365
39 84
39 256
407 165
296 196
407 416
348 322
369 155
75 247
6 369
6 115
181 313
75 89
181 71
142 76
399 158
142 91
4 145
18 404
18 125
401 17
4 89
401 154
302 289
302 225
247 89
373 369
373 91
248 120
11 142
247 31
11 369
368 179
368 367
145 74
160 71
160 17
416 48
145 400
416 156
117 416
248 78
117 156
400 89
73 48
73 416
122 48
400 74
122 416
195 122
195 416
89 74
14 117
14 156
293 183
84 122
89 31
84 48
256 84
256 14
59 9
309 416
309 156
415 84
59 384
415 73
414 415
293 248
91 406
91 107
447 247
57 229
57 7
204 362
155 405
447 106
155 76
337 368
337 405
80 274
64 313
64 7
85 406
80 52
85 155
220 107
204 496
220 404
274 52
154 139
154 91
371 179
274 74
371 134
131 368
131 325
60 4
17 155
17 57
158 78
13 368
60 247
13 398
115 160
115 64
52 339
403 7
403 220
92 179
52 89
92 371
79 325
158 224
79 398
106 31
225 134
225 79
402 371
106 75
402 92
209 115
209 92
339 74
71 76
71 402
399 149
125 76
339 75
125 368
369 85
493 49
316 4
316 274
313 160
313 368
126 60
406 160
406 313
164 497
192 160
126 75
192 368
7 313
7 192
262 60
107 7
107 192
325 192
262 447
325 368
289 160
164 110
289 313
188 106
229 160
229 192
179 325
188 274
179 406
33 192
33 325
235 80
139 160
139 192
492 276
76 7
235 4
76 325
24 33
24 289
93 31
134 368
134 76
367 192
93 60
367 139
405 179
492 391
405 192
114 247
404 33
404 367
398 289
114 106
398 368
304 52
304 400
49 224
393 31
393 447
343 80
298 49
343 126
184 4
184 52
298 110
388 89
388 80
19 60
493 276
19 31
189 52
189 114
441 442
440 4
440 145
77 363
250 184
294 77
441 88
243 343
243 446
294 162
442 19
123 388
67 184
276 315
67 94
442 262
260 114
224 362
260 145
88 126
88 316
276 78
123 188
30 235
55 262
55 235
224 363
249 19
249 189
300 235
103 78
94 326
94 4
30 393
103 498
336 247
336 93
443 235
494 497
443 336
300 326
124 235
445 124
110 494
445 145
444 388
444 188
494 294
49 363
326 235
446 304
446 447
110 497
124 304
326 262
200
342 104
40 13
266 133
372 26
367 290
76 493
299 479
155 102
289 284
89 433
211 440
180 119
271 86
403 142
460 65
424 326
111 346
161 384
207 15
450 64
345 310
265 69
44 136
253 220
313 443
478 296
50 234
172 370
456 244
93 100
75 196
365 112
328 175
105 87
63 369
77 283
53 344
131 47
200 338
442 341
472 233
120 467
484 35
191 407
39 452
374 246
340 138
392 448
29 260
436 114
492 129
471 49
199 315
334 413
354 408
41 30
311 23
42 73
377 494
280 123
302 421
347 228
14 324
33 431
16 489
81 156
217 387
254 103
314 414
327 134
388 192
404 28
25 117
37 257
473 7
380 106
22 90
321 277
272 358
241 301
411 140
203 82
218 496
454 279
288 322
320 168
396 45
282 67
420 2
167 188
126 255
487 24
91 17
144 238
178 160
213 383
231 240
281 295
264 348
446 222
459 373
376 356
56 405
116 121
115 477
152 453
483 145
113 158
349 118
419 457
176 451
258 205
263 401
61 212
400 476
55 273
468 364
194 88
249 60
363 150
236 177
70 57
235 186
332 409
58 357
139 390
323 250
198 170
197 247
153 490
402 46
48 54
85 256
135 226
9 447
165 318
43 445
94 291
422 415
74 18
439 80
31 275
491 406
193 151
79 325
38 148
143 36
99 292
83 429
497 237
286 259
270 34
317 308
499 381
216 122
163 185
173 488
4 394
166 109
465 309
107 66
27 137
245 72
201 261
339 386
389 481
59 294
183 435
397 51
303 128
149 162
378 319
108 32
485 432
184 293
242 10
92 19
368 425
300 52
423 232
219 8
274 215
224 130
385 97
1 110
98 187
306 297
333 393
132 417
399 441
68 5
474 382
395 307
486 362
239 206
434 189
223 330
298 227
214 208
359 171