500 1020
131 219
296 218
320 408
88 86
16 226
244 390
416 467
407 446
285 93
117 40
391 198
432 406
430 337
351 179
404 247
474 136
236 398
141 7
121 141
121 98
277 246
105 208
105 256
319 237
277 237
319 194
28 237
28 194
255 53
180 319
180 237
490 180
255 246
490 319
230 180
230 490
352 194
489 230
489 490
130 180
352 319
130 230
235 130
235 489
246 237
45 230
45 130
195 230
246 197
195 235
4 319
4 489
197 4
53 28
53 490
79 237
197 194
79 319
355 310
355 61
64 232
64 252
499 291
499 102
115 64
115 167
457 6
483 20
263 321
71 197
476 245
475 480
475 372
488 278
81 313
81 188
264 475
488 246
264 357
327 264
327 188
80 101
300 81
300 279
474 210
80 255
474 105
362 371
362 480
107 278
398 208
398 245
473 267
107 255
473 279
15 362
15 133
16 53
152 300
152 267
145 210
16 277
145 49
348 481
348 49
88 101
265 479
265 327
359 327
88 45
359 477
333 482
333 133
278 101
299 121
299 145
256 476
278 53
256 121
484 478
484 208
101 28
234 152
234 481
141 105
101 489
371 372
312 246
371 121
10 372
10 188
85 107
483 245
483 279
133 279
85 176
133 372
267 121
267 10
487 9
482 372
482 10
220 279
487 255
220 372
208 245
208 371
18 319
7 220
7 371
481 188
18 352
481 10
297 133
297 49
118 79
480 371
480 121
479 482
118 277
479 188
313 372
313 49
176 246
357 267
357 188
247 372
176 4
247 10
478 482
478 297
9 53
98 245
98 371
112 49
9 80
112 481
477 372
477 112
71 278
210 357
210 478
476 267
463 228
39 85
463 334
324 280
324 466
486 352
192 222
192 290
227 307
486 277
227 174
283 222
283 216
365 195
108 324
108 466
182 463
365 18
182 283
87 466
87 227
225 194
347 353
347 87
368 224
225 246
368 472
148 347
148 463
106 278
132 465
132 224
305 182
106 176
305 216
60 227
60 12
298 490
163 227
163 87
222 60
298 487
222 148
188 121
188 105
257 4
49 121
49 105
372 105
257 278
372 188
279 121
279 188
312 18
245 188
245 105
275 76
384 173
275 163
55 12
55 163
292 276
280 275
280 76
165 163
292 79
165 222
307 470
307 172
276 365
466 55
466 275
46 466
276 298
46 163
285 46
285 163
173 487
465 163
465 275
224 466
173 246
224 222
228 233
228 466
485 365
334 55
334 465
353 46
485 101
353 465
113 266
113 465
155 194
169 76
169 228
35 165
155 118
35 471
174 280
174 465
366 107
290 76
290 466
139 174
366 365
139 35
48 163
48 46
39 130
464 113
464 46
187 205
50 281
144 115
50 38
462 199
462 364
383 115
57 273
57 378
329 89
383 22
329 340
204 340
204 92
171 22
461 301
461 205
356 461
171 499
356 17
241 455
241 187
22 499
472 222
472 163
266 163
22 115
266 222
471 472
471 163
237 71
216 471
216 222
470 163
237 18
470 471
76 470
76 163
194 79
233 222
233 470
12 266
194 130
12 76
469 472
469 470
94 107
244 472
244 266
172 266
94 39
172 471
468 472
468 469
384 292
467 468
467 216
457 301
456 170
497 159
456 460
20 459
20 456
159 120
193 400
193 199
2 199
159 144
2 205
288 356
288 301
291 498
96 301
96 2
364 456
291 171
364 259
19 249
19 96
498 499
91 459
91 259
270 316
498 144
270 199
263 281
263 193
102 389
38 91
38 459
382 400
102 144
382 19
455 458
455 91
120 115
93 89
93 193
341 382
120 389
341 270
251 456
251 281
389 383
27 19
27 364
454 356
389 115
454 281
378 241
378 89
144 383
187 288
370 114
259 241
495 120
259 356
273 241
273 259
351 383
125 356
125 259
460 259
351 157
460 273
17 460
17 273
261 258
316 259
316 17
92 17
261 499
92 125
373 273
373 241
44 120
249 125
249 17
459 125
44 144
459 249
170 259
170 17
496 498
89 459
89 259
205 259
496 171
205 373
281 373
281 170
258 171
142 273
142 205
301 89
258 159
301 241
340 142
340 17
157 499
400 89
400 373
199 249
157 291
199 170
458 170
458 249
497 291
457 92
213 243
213 8
164 73
436 268
164 213
388 160
388 433
394 345
29 424
29 8
361 102
5 425
394 154
5 424
32 134
32 440
166 242
206 134
206 32
439 206
166 271
439 440
250 206
361 261
250 134
268 109
376 250
376 32
287 376
268 345
287 32
345 376
345 206
109 271
217 206
217 287
500 258
438 250
109 345
438 32
242 438
242 206
154 376
196 439
196 440
262 287
154 217
262 440
437 440
500 303
437 242
271 440
3 438
3 437
271 439
310 496
231 114
178 447
178 212
310 252
370 447
431 5
431 202
430 34
131 26
430 51
103 73
103 129
24 134
47 99
47 8
177 232
429 34
24 166
429 5
336 8
336 68
344 250
97 434
97 31
282 156
344 436
282 5
189 431
177 496
189 124
67 26
428 52
428 431
75 5
67 262
75 429
399 342
399 47
25 32
427 51
427 431
363 157
426 47
25 26
426 156
425 189
425 427
26 206
128 349
128 47
82 431
26 32
82 429
11 349
363 383
11 97
238 394
424 68
424 431
423 323
238 439
423 342
104 161
104 160
436 250
190 24
160 5
160 73
349 5
190 344
349 160
34 349
491 115
34 29
78 32
434 34
434 68
243 161
78 394
243 5
433 434
433 243
184 438
323 161
323 68
293 102
129 34
184 3
129 349
99 5
99 160
198 196
321 243
321 34
218 434
198 67
218 323
202 243
293 167
202 161
226 206
51 202
51 34
40 29
226 67
40 243
432 5
432 434
379 271
156 349
156 29
232 261
52 160
379 376
52 434
31 34
31 243
296 345
124 202
124 52
342 51
296 24
342 68
8 160
232 171
8 433
131 24
138 158
74 25
354 229
354 153
252 395
269 419
74 242
269 153
41 354
41 420
444 437
414 269
414 65
286 221
444 109
286 421
413 308
252 44
413 122
95 262
43 418
43 354
331 420
95 343
331 418
338 289
338 191
214 440
151 413
151 158
211 62
111 289
214 109
111 65
56 367
56 289
343 436
13 135
13 111
422 314
343 287
422 418
143 260
211 303
143 374
435 32
335 30
335 135
374 338
435 345
374 191
387 260
387 308
37 24
68 29
68 5
491 120
73 68
37 32
73 5
161 68
161 5
260 158
134 166
420 122
420 421
419 59
134 376
419 158
21 122
21 387
1 149
308 260
308 21
392 499
153 135
1 37
153 158
418 158
418 314
149 238
367 419
367 84
30 158
149 442
30 420
320 122
392 102
320 158
441 435
86 122
86 59
229 374
441 67
229 314
221 367
221 374
442 440
181 153
181 229
492 22
191 84
442 287
191 420
417 135
417 140
443 3
416 30
416 181
65 420
443 394
65 289
415 30
492 396
415 417
137 268
337 421
337 158
136 418
137 437
136 162
138 415
405 311
90 450
179 405
179 72
404 70
90 453
404 339
403 397
303 61
403 410
209 451
402 315
402 318
401 14
209 453
401 203
215 358
215 302
450 453
207 405
207 410
395 498
146 403
450 178
146 405
375 253
375 77
451 370
284 339
284 14
162 374
451 452
162 387
59 162
395 497
59 387
452 453
140 374
140 162
84 374
452 370
84 162
289 84
289 162
453 370
122 59
122 387
493 22
421 84
453 178
421 374
158 421
158 122
440 74
314 162
314 387
135 421
440 379
135 140
260 135
493 395
410 254
410 58
448 450
127 411
127 123
240 291
311 309
448 449
311 397
219 375
219 309
186 332
409 70
409 123
201 254
186 183
201 311
185 58
240 258
185 315
332 183
203 69
203 410
350 253
332 370
350 33
408 375
408 412
119 209
14 311
14 127
61 497
390 375
119 450
390 248
72 284
72 409
183 100
407 123
407 185
295 253
183 453
295 350
168 412
61 54
168 248
449 178
302 33
302 168
66 350
449 90
66 295
406 72
406 295
100 370
339 397
339 66
303 496
318 397
100 90
318 375
405 201
330 42
116 209
116 332
70 284
70 375
150 119
254 284
254 70
360 157
126 284
150 90
126 375
123 70
123 126
200 119
58 123
58 126
412 126
200 448
412 375
358 284
360 62
358 70
385 449
411 284
411 126
253 412
385 332
253 254
317 126
317 412
322 186
69 284
69 126
304 494
397 123
322 209
397 412
6 317
6 358
110 178
33 375
33 397
77 126
110 119
77 69
309 253
304 115
309 126
381 450
315 317
315 77
248 358
381 449
248 375
326 183
326 452
42 54
369 178
369 448
346 186
396 42
346 150
212 209
212 183
396 62
325 453
325 186
147 119
330 494
147 178
447 183
447 381
393 36
223 209
223 451
495 44
231 212
167 495
393 83
23 346
23 380
167 144
36 147
386 325
445 212
494 389
445 175
36 200
239 381
54 291
239 451
83 150
83 116
494 497
386 385
377 322
63 200
63 322
54 44
274 147
274 447
114 322
236 497
175 328
175 209
377 369
236 159
306 450
306 110
391 322
294 157
391 306
114 328
272 322
446 272
62 294
446 451
117 325
117 385
294 167
42 44
328 322
380 326
380 448
62 157
272 326
328 200
200
296 279
168 174
404 234
173 114
124 4
229 449
382 154
357 232
298 70
445 3
467 331
253 14
166 441
171 385
163 370
280 420
48 45
249 226
125 218
457 91
389 25
165 130
281 178
151 235
315 179
499 26
221 41
93 80
268 415
50 321
454 363
359 307
340 211
311 285
190 19
380 273
15 361
407 408
394 159
223 264
205 77
461 411
396 136
304 9
452 335
90 56
497 431
255 105
472 483
432 40
496 172
87 78
343 96
113 401
196 74
16 32
231 477
471 436
102 367
425 447
94 305
6 200
258 53
17 84
104 430
153 416
195 405
463 488
240 157
108 495
438 403
302 272
464 377
54 12
137 332
426 140
329 209
52 248
282 459
132 399
354 410
158 275
334 319
71 317
485 427
216 85
228 213
100 208
475 286
252 193
424 7
448 5
478 75
131 391
353 313
372 197
368 72
491 128
241 339
409 465
469 381
36 287
162 446
13 375
301 451
412 27
55 310
95 482
207 184
462 476
155 480
259 83
51 20
303 73
278 46
350 486
266 418
10 30
349 440
60 214
145 400
299 492
182 294
183 309
439 135
103 293
86 458
398 115
92 126
435 289
256 365
288 217
191 421
236 147
79 347
116 38
470 442
189 338
138 110
65 444
181 187
318 364
156 119
402 267
260 111
355 58
180 23
237 390
263 81
146 284
68 230
388 397
59 473
39 384
356 141
247 35
206 337
325 360
233 257
164 34
487 224
43 44
243 466
484 1
122 33
351 414
170 269
342 290
64 120
2 219
314 62
67 373
175 186
490 352
112 433
341 129
261 192
254 63
386 330
204 11
328 203
24 106
366 379
185 89
270 262
199 393
31 37
277 161
326 358
276 392
498 336
344 167
28 460
194 49
222 152
238 210
345 481
348 423
274 127
395 118