500 1020
252 389
297 427
238 132
81 247
228 342
398 291
236 267
222 363
464 450
283 209
294 210
392 358
226 322
368 390
208 103
171 191
495 326
39 30
52 39
52 3
2 487
478 130
478 68
170 78
2 78
170 180
490 78
490 180
36 125
176 170
176 78
185 176
36 487
185 170
193 176
193 185
486 180
63 193
63 185
22 176
486 170
22 193
263 22
263 63
487 78
114 193
114 22
373 193
487 79
373 263
489 170
489 63
79 489
125 490
125 185
488 78
79 180
488 170
184 500
184 321
163 28
163 494
499 497
499 64
241 163
241 91
330 32
54 42
338 224
308 79
268 365
474 476
474 317
485 7
270 202
270 277
120 474
485 487
120 475
473 120
473 277
227 269
472 270
472 364
171 223
227 36
171 478
96 80
96 476
88 7
326 130
326 365
471 218
88 36
471 364
168 96
168 387
228 125
100 472
100 218
242 223
228 2
242 139
470 477
470 139
81 269
351 48
351 473
469 473
81 114
469 349
479 10
479 387
7 269
160 52
160 242
68 268
7 125
68 52
377 190
377 130
269 490
75 100
75 477
39 478
269 63
80 317
310 487
80 52
344 317
344 277
76 88
54 365
54 364
387 364
76 484
387 317
218 52
218 344
482 141
10 317
10 344
83 364
482 36
83 317
130 365
130 80
276 170
30 83
30 80
477 277
276 486
477 344
182 387
182 139
483 488
476 80
476 52
48 10
483 2
48 277
202 317
202 139
484 487
475 218
475 277
103 317
484 489
103 344
190 10
190 182
141 125
3 365
3 80
17 139
141 227
17 477
349 317
349 17
308 7
223 475
223 190
268 218
369 379
58 76
369 104
20 466
20 465
178 486
284 124
284 95
266 77
178 2
266 463
300 124
300 467
33 373
92 20
92 465
461 369
33 276
461 300
109 465
109 266
188 180
9 204
9 109
31 245
188 487
31 143
460 9
460 369
118 7
174 121
174 245
258 461
118 484
258 467
133 266
133 34
481 185
113 266
113 109
124 133
481 482
124 460
277 52
277 478
152 489
139 52
139 478
317 478
152 7
317 277
364 52
364 277
310 276
365 277
365 478
273 376
325 153
273 113
73 34
73 113
480 357
466 273
466 376
138 113
480 488
138 124
77 112
77 66
357 33
465 73
465 273
93 465
357 481
93 113
464 93
464 113
153 482
121 113
121 273
245 465
153 487
245 124
379 156
379 465
161 33
104 73
104 121
204 93
161 269
204 121
336 468
336 121
293 180
44 376
44 379
372 138
293 483
372 15
463 466
463 121
166 88
95 376
95 465
135 463
166 33
135 372
462 113
462 93
58 22
115 336
115 93
6 454
327 305
16 241
327 316
302 314
302 205
498 241
333 26
333 219
164 380
498 217
164 319
459 319
459 282
295 217
51 29
51 454
261 51
295 499
261 196
370 360
370 6
217 499
143 124
143 113
468 113
217 241
468 124
15 143
15 113
78 308
467 15
467 124
112 113
78 276
112 15
376 112
376 113
180 488
156 124
156 112
34 468
180 22
34 376
301 143
301 112
298 88
398 143
398 468
66 468
298 58
66 15
181 143
181 301
325 480
267 181
267 467
330 29
296 12
251 496
296 458
42 455
42 296
496 8
173 255
173 314
361 314
496 16
361 454
69 261
69 29
497 381
179 29
179 361
205 296
497 295
205 187
452 146
452 179
381 499
451 455
451 187
399 457
381 16
399 314
338 305
338 173
64 90
316 451
316 455
352 255
64 16
352 452
360 453
360 451
8 241
450 380
450 173
102 352
8 90
102 399
272 296
272 305
90 498
45 452
45 205
97 261
90 241
97 305
219 370
219 380
16 498
6 69
40 148
187 370
1 8
187 261
26 370
26 187
368 498
71 261
71 187
458 187
368 211
458 26
196 458
196 26
57 159
457 187
457 196
282 196
57 499
282 71
456 26
456 370
41 8
146 71
146 196
455 71
41 16
455 146
12 187
12 196
59 381
380 455
380 187
454 187
59 295
454 456
305 456
305 12
159 295
131 26
131 454
29 380
159 496
29 370
319 131
319 196
211 499
255 380
255 456
314 146
211 497
314 12
453 12
453 146
251 497
330 282
418 172
418 425
11 150
434 315
11 418
334 281
334 384
50 288
140 307
140 425
275 64
374 348
50 198
374 307
311 216
311 438
393 362
136 216
136 311
359 136
393 285
359 438
437 136
275 57
437 216
315 220
436 437
436 311
167 436
315 288
167 311
288 436
288 136
220 285
435 136
435 167
244 159
201 437
220 288
201 311
362 201
362 136
198 436
237 359
237 438
117 167
198 435
117 438
70 438
244 231
70 362
285 438
18 201
18 70
285 359
500 59
397 148
449 335
449 278
500 494
40 335
260 374
260 107
226 61
252 213
226 264
424 150
424 429
328 216
129 428
129 425
99 28
147 61
328 393
147 374
101 425
101 430
433 437
347 200
347 225
312 154
433 434
312 374
67 260
99 59
67 337
375 213
423 426
423 260
175 374
375 117
175 147
395 145
395 129
206 311
422 264
422 260
491 211
421 129
206 213
421 154
348 67
348 422
213 136
386 232
386 129
420 260
213 311
420 147
144 232
491 498
144 347
137 50
307 430
307 260
419 385
137 359
419 145
149 355
149 281
434 437
98 328
281 374
281 150
232 374
98 433
232 281
61 232
207 241
61 140
431 311
200 61
200 430
172 355
431 50
172 374
384 200
384 172
432 201
385 355
385 430
492 64
429 61
432 18
429 232
428 374
428 281
210 237
224 172
224 61
427 200
210 375
427 385
107 172
492 91
107 355
342 136
264 107
264 61
209 140
342 375
209 172
392 374
392 200
233 285
154 232
154 140
28 57
426 281
233 436
426 200
225 61
225 172
297 288
337 107
337 426
145 264
297 328
145 430
425 281
28 295
425 384
252 328
65 183
47 206
411 412
411 82
494 85
111 106
47 362
111 82
299 411
299 371
341 70
265 111
265 55
410 292
341 220
410 110
409 318
494 41
409 280
38 117
287 332
287 411
212 371
38 62
212 332
74 119
74 329
353 438
248 409
248 183
493 400
86 119
353 220
86 55
274 323
274 119
62 434
339 35
339 86
122 158
62 167
122 332
313 4
493 231
313 417
356 311
151 413
151 35
417 74
356 288
417 329
416 4
416 318
214 328
430 140
430 374
207 8
150 430
214 311
150 374
355 430
355 374
4 183
216 393
371 280
371 110
106 415
216 436
106 183
414 280
414 416
396 60
318 4
318 414
192 499
82 35
396 214
82 183
332 183
332 158
60 137
323 106
323 56
413 183
60 250
413 371
238 280
192 64
238 183
439 356
247 280
247 415
412 417
439 375
412 158
292 323
292 417
250 438
324 82
324 412
350 217
329 56
250 167
329 371
279 35
279 391
195 18
236 413
236 324
55 371
195 50
55 119
303 413
350 306
303 279
440 315
322 110
322 183
191 332
440 70
191 162
65 303
142 157
37 378
390 142
390 320
208 108
37 354
208 53
402 331
231 321
402 13
304 169
43 199
43 403
401 406
304 354
401 215
249 235
249 404
378 354
256 142
256 13
85 381
234 402
378 449
234 142
340 194
340 126
169 40
189 53
189 406
162 417
169 177
162 416
415 162
85 251
415 416
177 354
391 417
391 162
56 417
177 40
56 162
119 56
119 162
354 40
280 415
280 416
394 217
110 56
354 449
110 417
183 110
183 280
438 47
158 162
158 416
35 110
438 233
35 391
4 35
394 85
13 408
13 165
254 378
87 21
87 366
123 497
157 407
254 343
157 331
389 340
389 407
286 448
246 108
246 366
290 408
286 382
290 157
134 165
123 159
134 199
448 382
215 229
215 13
289 194
448 40
289 27
132 340
132 155
271 304
406 157
406 87
321 251
291 340
271 378
291 94
320 189
320 246
382 116
222 366
222 134
367 194
382 354
367 289
405 155
321 46
405 94
343 449
404 27
404 405
345 289
343 37
345 367
358 320
358 367
116 40
53 331
53 345
231 59
403 331
116 37
403 340
142 290
127 14
230 304
230 448
108 189
108 340
49 271
408 189
408 108
383 211
259 189
49 37
259 340
366 108
366 259
257 271
165 366
165 259
155 259
257 254
155 340
235 189
383 400
235 108
221 343
21 189
21 259
194 155
221 448
194 408
105 259
105 155
72 286
229 189
229 259
243 25
331 366
72 304
331 155
32 105
32 235
19 449
27 340
27 331
126 259
19 271
126 229
407 194
243 241
407 259
128 378
199 105
199 126
94 235
128 343
94 340
445 382
445 177
14 46
446 449
446 254
186 286
306 14
186 49
278 304
278 382
306 400
447 354
447 286
388 271
127 25
388 449
335 382
335 128
309 84
240 304
240 169
1 41
397 278
91 1
309 262
89 186
89 444
91 16
84 388
23 447
253 278
25 90
253 442
84 257
441 128
46 497
441 169
262 49
262 230
25 251
23 221
24 72
239 257
239 72
46 41
5 388
5 335
148 72
495 251
442 346
442 304
24 446
495 496
203 378
203 19
294 72
197 211
294 203
148 346
443 72
363 443
400 197
363 169
283 447
283 221
197 91
14 41
346 72
444 445
444 254
400 211
443 445
346 257
200
293 261
330 333
268 444
103 439
136 482
165 181
123 347
365 376
288 242
100 281
56 237
382 102
4 451
111 81
405 336
218 245
13 107
381 454
474 285
190 393
57 153
322 115
327 248
169 114
343 479
93 20
239 319
372 149
19 206
62 356
148 232
180 294
39 63
140 292
199 17
400 142
141 137
289 33
436 36
40 353
398 279
163 253
50 475
246 401
466 104
280 341
3 361
122 491
404 173
342 11
284 28
380 108
14 340
300 423
126 34
43 265
24 302
55 480
328 459
158 210
437 447
152 462
286 394
362 493
227 359
214 469
314 189
130 465
312 133
374 274
10 249
478 370
339 205
70 379
175 496
236 6
67 452
32 262
309 61
37 118
132 9
301 195
260 91
235 198
82 256
2 470
338 424
422 182
160 258
346 223
167 138
407 109
184 438
430 224
403 129
196 443
234 321
257 144
277 303
66 25
259 315
47 366
247 164
58 310
73 38
371 75
127 193
276 311
211 186
161 49
252 410
272 94
499 16
204 464
296 207
23 18
151 203
316 414
117 95
305 308
435 458
368 408
383 154
396 52
244 217
220 313
59 395
351 298
421 240
177 418
449 188
208 171
412 90
446 481
202 45
344 349
463 78
415 96
120 387
41 238
377 147
448 364
88 176
170 270
110 389
172 411
397 369
367 391
352 317
51 358
8 442
212 460
440 271
409 461
221 99
254 357
473 30
331 486
146 42
295 134
79 156
112 201
85 159
360 116
97 350
7 428
241 318
72 450
426 282
335 243
456 231
345 354
29 429
209 76
135 471
320 324
168 326
489 216
1 306
329 213
441 200
494 65
275 269
455 290
497 433
46 229
121 485
384 64
77 68
325 402
191 131
179 250
106 69
278 44
413 87
174 178
219 492
483 26
31 417
83 128