500 1020
294 333
280 426
74 334
357 277
77 268
159 81
192 109
360 216
314 164
349 424
236 432
58 111
232 353
363 207
226 288
65 354
494 36
83 158
342 83
342 345
70 147
368 35
368 296
135 51
70 51
135 68
246 51
246 68
215 205
491 135
491 51
222 491
215 147
222 135
167 491
167 222
260 68
490 167
490 222
489 491
260 135
489 167
131 489
131 490
147 51
372 167
372 489
33 167
147 223
33 131
488 135
488 490
223 488
205 246
205 222
9 51
223 68
9 135
381 281
381 50
499 66
499 492
145 138
145 369
264 499
264 250
450 267
479 273
399 427
225 223
344 397
476 42
476 179
146 165
88 302
88 188
31 476
146 147
31 19
98 31
98 188
487 18
475 88
475 480
65 398
487 215
65 368
130 298
130 42
13 165
36 35
36 397
327 295
13 215
327 480
1 130
1 340
77 205
161 475
161 295
374 398
77 70
374 30
389 309
389 30
357 18
262 292
262 98
474 98
357 372
474 14
482 478
482 340
165 18
108 342
108 374
296 344
165 205
296 342
228 252
228 35
18 246
481 161
481 309
83 368
18 490
298 179
393 147
298 342
391 179
391 188
486 13
479 397
479 480
340 480
486 89
340 179
295 342
295 391
47 227
478 179
478 391
199 480
47 215
199 179
35 397
35 298
238 135
158 199
158 298
309 188
238 260
309 391
477 340
477 30
153 9
42 298
42 342
292 478
153 70
292 188
302 179
302 30
89 147
19 295
19 188
288 179
89 488
288 391
252 478
252 477
227 205
345 397
345 298
331 30
227 487
331 309
14 179
14 331
225 165
398 19
398 252
344 295
213 468
304 486
213 201
463 470
463 469
484 260
160 335
160 347
3 373
484 70
3 466
129 335
129 258
306 33
462 463
462 469
86 213
306 238
86 129
104 469
104 3
97 68
49 180
49 104
390 41
97 147
390 185
461 49
461 213
485 165
460 112
460 41
118 86
485 89
118 258
459 3
459 182
346 222
473 3
473 104
335 459
346 47
335 461
188 342
188 368
142 488
30 342
30 368
179 368
142 165
179 188
480 342
480 188
393 238
397 188
397 368
152 471
247 64
152 473
305 182
305 473
307 71
470 152
470 471
300 473
307 9
300 335
373 472
373 218
71 306
469 305
469 152
379 469
71 346
379 473
314 379
314 473
64 47
112 473
112 152
41 469
64 147
41 335
468 367
468 469
341 306
201 305
201 112
180 379
341 18
180 112
103 25
103 112
253 68
8 471
8 468
467 300
253 153
467 148
466 470
466 112
364 13
347 471
347 469
465 466
364 306
465 467
464 473
464 379
304 489
11 103
11 379
458 276
10 69
126 264
10 28
206 451
206 195
375 264
457 376
457 229
63 162
375 498
63 245
56 245
56 220
26 498
456 383
456 276
137 456
26 145
137 274
455 330
455 458
498 145
185 335
185 473
25 473
498 264
25 335
148 185
148 473
51 225
258 148
258 335
472 473
51 238
472 148
471 472
471 473
68 9
367 335
367 472
182 25
68 489
182 471
378 185
378 472
483 13
159 185
159 25
218 25
483 304
218 148
157 185
157 378
247 307
109 157
109 258
450 383
355 210
495 7
355 454
273 291
273 355
7 497
197 452
197 451
80 451
7 126
80 276
279 137
279 383
138 496
244 383
244 80
195 355
138 26
195 209
301 241
301 244
496 145
449 291
449 209
99 122
496 126
99 451
399 69
399 197
369 21
28 449
28 291
193 452
369 126
193 301
330 120
330 449
497 264
164 162
164 197
34 193
497 21
34 99
448 355
448 69
21 375
328 301
328 195
447 137
21 264
447 69
229 455
229 162
126 375
458 279
325 155
209 455
198 497
209 137
376 455
376 209
363 375
84 137
84 209
454 209
363 174
454 376
274 454
274 376
312 168
122 209
122 274
220 274
312 145
220 84
453 376
453 455
15 497
241 84
241 274
291 84
15 126
291 241
210 209
210 274
128 496
162 291
162 209
276 209
128 26
276 453
69 453
69 210
168 26
101 376
101 276
383 162
168 7
383 455
245 101
245 274
174 145
452 162
452 453
451 241
174 138
451 210
120 210
120 241
495 138
450 220
237 194
237 12
358 230
282 308
358 237
110 171
110 278
24 437
85 79
85 12
500 369
100 144
24 91
100 79
387 32
387 438
290 436
284 32
284 387
338 284
290 202
338 438
54 284
500 312
54 32
308 434
310 54
310 387
254 310
308 437
254 387
437 310
437 284
434 202
177 284
177 254
269 168
386 54
434 437
386 387
436 386
436 284
91 310
395 338
395 438
435 254
91 177
435 438
4 438
269 190
4 436
202 438
22 386
22 4
202 338
281 128
184 155
172 443
172 73
281 492
325 443
423 100
423 425
232 257
294 166
232 377
249 230
249 231
93 32
285 428
285 12
94 66
96 257
93 290
96 100
422 12
422 115
319 54
132 196
132 178
361 359
319 282
361 100
221 423
94 128
221 293
433 166
356 189
356 423
29 100
433 435
29 96
421 329
421 285
43 387
420 377
420 423
204 174
60 285
43 166
60 359
144 221
144 420
166 284
351 323
351 285
248 423
166 387
248 96
44 323
204 375
44 132
212 24
79 115
79 423
48 317
212 338
48 329
419 394
419 171
282 54
289 93
171 100
171 230
323 100
289 319
323 171
257 323
261 264
257 85
78 387
196 257
196 115
194 394
78 24
194 100
278 196
278 194
385 386
317 394
317 115
113 369
231 257
385 22
231 323
428 100
428 171
432 395
427 194
427 257
426 196
432 433
426 317
425 194
113 250
425 394
268 284
377 425
377 257
424 85
268 433
424 194
58 100
58 196
107 202
359 323
359 85
66 312
189 171
107 310
189 196
178 257
178 194
280 437
293 425
293 189
329 377
280 93
329 115
12 171
66 26
12 278
294 93
170 52
440 43
384 141
384 72
492 240
27 272
440 436
27 72
263 384
263 339
242 4
67 27
67 181
187 55
242 434
187 283
324 173
492 15
324 348
76 435
400 224
400 384
275 339
76 430
275 224
352 2
352 82
429 438
418 324
418 52
251 322
417 2
429 434
417 181
416 412
416 2
430 282
415 413
415 417
396 175
430 254
396 224
163 208
251 190
163 392
431 387
239 411
239 413
392 352
431 437
392 82
119 208
119 173
53 93
115 85
115 100
261 497
230 115
53 387
230 100
394 115
394 100
208 52
32 290
339 348
339 283
272 266
32 310
272 52
23 348
23 119
439 5
173 208
173 23
365 145
72 413
439 53
72 52
224 52
224 175
5 212
412 272
412 116
411 52
5 343
411 339
74 348
365 369
74 52
114 431
277 348
277 266
141 392
114 433
141 175
55 412
55 392
343 438
410 72
410 141
105 498
82 116
343 254
82 339
409 413
409 414
139 22
192 411
192 410
181 339
139 24
181 2
38 411
105 321
38 409
95 308
353 283
353 52
354 224
95 4
354 217
170 38
219 6
203 337
207 219
207 265
226 124
203 446
226 200
402 90
190 50
402 92
243 371
62 127
62 186
46 380
243 446
46 234
401 271
401 403
337 446
382 219
382 92
240 496
270 402
337 172
270 219
408 406
408 45
371 325
407 200
407 380
217 392
371 125
217 119
266 217
240 495
266 119
125 446
414 392
414 217
116 392
125 325
116 217
2 116
2 217
446 325
348 266
348 119
149 498
283 116
446 172
283 392
52 283
52 348
438 440
175 217
175 119
413 283
438 107
413 414
208 413
149 240
92 286
92 183
235 337
151 102
151 255
370 138
6 404
235 336
6 90
333 408
333 404
176 87
211 124
211 255
313 286
176 123
313 6
311 183
370 168
311 127
87 123
234 405
234 92
233 406
87 325
233 214
334 408
334 121
445 243
380 6
380 151
50 495
81 408
445 337
81 57
265 407
265 211
123 17
360 255
360 311
134 406
123 446
134 233
75 121
50 362
75 57
336 172
403 214
403 75
366 233
336 203
366 134
111 265
111 134
17 325
200 90
200 366
190 128
186 90
17 203
186 408
219 313
388 299
133 243
133 87
124 407
124 408
350 445
286 407
286 124
59 174
16 407
350 203
16 408
255 124
255 16
320 445
183 255
183 16
121 16
320 235
121 408
271 407
59 322
271 124
117 336
102 407
102 16
406 121
117 87
406 286
259 16
259 121
61 176
405 407
405 16
493 287
90 255
61 243
90 121
267 259
267 271
444 172
214 408
214 90
45 16
444 445
45 405
404 406
493 264
404 16
106 337
127 259
127 45
57 271
106 336
57 408
318 123
318 125
299 362
37 172
37 235
315 176
321 299
315 350
73 243
73 123
321 322
39 446
39 176
40 445
388 287
40 172
443 123
443 106
326 303
156 243
156 371
198 15
184 73
250 198
326 150
143 315
143 191
250 126
303 40
136 39
20 73
287 21
20 442
303 320
169 106
362 138
169 371
150 350
150 133
287 495
136 117
332 61
256 320
256 61
362 15
441 40
441 443
155 61
494 495
442 140
442 243
332 37
494 7
154 337
154 444
236 61
297 174
236 154
155 140
316 61
216 316
322 297
216 371
349 39
349 117
297 250
299 15
140 61
191 318
191 235
322 174
316 318
140 320
200
20 238
377 337
40 179
138 290
149 83
338 477
486 101
424 463
405 130
335 63
346 120
129 4
305 429
422 389
458 362
285 483
333 406
169 214
77 474
56 124
384 17
25 344
324 373
30 22
32 304
91 145
271 123
457 45
31 144
217 487
183 353
237 70
248 167
135 332
192 224
78 386
260 152
197 466
361 215
81 348
225 339
243 303
490 421
427 229
365 409
448 234
323 190
451 380
252 97
492 462
478 173
148 181
284 27
139 496
500 218
140 366
447 343
75 194
212 186
296 273
165 109
116 277
9 102
207 413
29 293
66 367
112 280
370 166
359 481
315 67
330 205
8 88
222 159
349 408
454 351
228 460
470 495
321 341
356 150
206 177
261 398
199 311
469 266
64 132
107 142
164 357
498 430
236 372
39 455
403 134
74 128
444 475
464 382
312 491
108 423
299 388
318 163
416 472
111 151
239 493
275 435
154 143
196 363
99 50
327 34
476 18
396 374
368 467
276 200
21 250
387 400
264 86
195 146
279 226
232 385
473 155
294 281
5 436
14 47
121 127
95 44
419 379
456 402
407 233
51 72
355 265
432 182
189 1
170 282
185 383
6 272
16 394
352 162
485 360
381 283
390 19
87 395
89 23
137 61
84 468
36 188
336 298
334 115
450 434
98 494
100 2
15 94
93 270
459 172
268 255
350 85
220 24
308 219
246 160
28 157
33 176
340 309
38 73
46 76
153 136
317 440
288 428
41 113
26 479
178 420
198 52
37 392
342 301
471 92
90 452
482 254
433 141
193 411
442 347
320 443
156 300
110 69
397 417
439 258
187 114
96 415
437 216
316 291
230 126
43 256
55 262
297 240
49 118
253 426
209 289
295 358
231 80
399 391
82 242
331 211
35 235
122 12
42 208
62 48
54 241