500 1020
215 341
394 287
357 63
44 130
273 23
467 405
416 15
388 400
466 280
96 289
166 358
162 404
209 415
350 372
199 337
359 414
249 471
480 478
114 480
114 334
261 246
204 320
204 303
238 83
261 83
238 175
21 83
21 175
331 380
217 238
217 83
487 217
331 246
487 238
196 217
196 487
250 175
37 196
37 487
295 217
250 238
295 196
51 295
51 37
246 83
105 196
105 295
22 196
246 399
22 51
387 238
387 37
399 387
380 21
380 487
486 83
399 175
486 238
97 94
97 493
498 142
498 147
240 316
240 39
234 498
234 319
203 60
136 364
161 141
231 399
222 198
474 281
474 307
132 177
90 477
90 275
473 474
132 246
473 476
263 473
263 275
276 485
180 90
180 343
359 366
276 331
359 204
472 125
472 281
106 177
471 320
471 198
470 181
106 331
470 343
77 472
77 479
273 380
171 180
171 181
80 366
273 261
80 351
469 347
469 351
44 485
157 389
157 263
365 263
44 105
365 475
244 59
244 479
177 485
349 114
349 80
303 222
177 380
303 114
62 301
62 320
485 21
481 171
481 347
480 204
485 37
125 307
98 246
125 114
95 307
95 275
74 106
136 198
136 343
479 343
74 153
479 307
181 114
181 95
129 484
59 307
59 95
134 343
129 331
134 307
320 198
320 125
302 238
478 134
478 125
347 275
302 250
347 95
211 479
211 351
262 486
281 125
281 114
389 59
262 261
389 275
477 307
477 351
153 246
476 181
476 275
337 307
153 387
337 95
301 59
301 211
484 380
334 198
334 125
57 351
484 276
57 347
475 307
475 57
231 177
366 476
366 301
222 181
50 31
110 74
50 236
237 207
237 191
482 250
326 99
326 117
152 283
482 261
152 67
309 99
309 383
149 22
464 237
464 191
463 50
149 302
463 309
462 191
462 152
324 175
274 111
274 462
104 247
324 246
104 305
76 274
76 50
483 177
41 338
41 247
461 463
483 153
461 383
460 152
460 468
38 487
52 152
52 462
99 460
38 129
99 76
275 114
275 204
322 387
351 114
351 204
307 204
322 177
307 275
343 114
343 275
98 302
198 275
198 204
160 25
213 356
160 52
27 468
27 52
288 251
207 160
207 25
155 52
288 486
155 99
283 87
283 212
251 149
191 27
191 160
346 191
251 38
346 52
466 346
466 52
356 129
338 52
338 160
247 191
356 246
247 99
31 228
31 191
122 149
236 27
236 338
111 346
122 485
111 338
9 69
9 338
183 175
313 25
313 31
72 155
183 262
72 393
67 207
67 338
376 106
117 25
117 191
465 67
376 149
465 72
16 52
16 346
110 295
139 9
139 346
312 24
100 223
317 234
100 219
264 362
264 208
173 234
258 221
258 378
353 145
173 75
353 454
218 454
218 455
170 75
459 169
459 24
458 459
170 240
458 267
457 116
457 312
75 240
305 99
305 52
69 52
75 234
69 99
393 305
393 52
83 231
383 393
383 99
87 52
83 302
87 393
25 87
25 52
175 486
228 99
228 87
468 69
175 295
468 25
165 305
165 87
40 106
467 305
467 69
212 69
40 110
212 393
4 305
4 165
213 288
15 4
15 383
203 169
46 118
58 33
46 56
364 360
364 46
33 497
397 453
397 362
194 362
33 317
194 24
242 458
242 169
316 371
79 169
79 194
208 46
316 170
208 65
243 384
243 79
371 240
185 360
185 65
121 456
371 317
121 362
161 223
161 397
39 220
219 185
219 360
82 453
39 317
82 243
116 265
116 185
497 234
280 145
280 397
168 82
497 220
168 121
278 46
278 223
220 173
151 243
151 208
140 458
220 234
140 223
378 457
378 145
317 173
312 242
260 377
65 457
126 497
65 458
221 457
221 65
350 173
5 458
5 65
56 65
350 268
56 221
267 56
267 221
254 345
456 65
456 267
455 267
254 240
455 5
197 221
197 457
119 497
384 5
384 267
360 5
119 317
360 384
118 65
118 267
174 371
145 360
145 65
24 65
174 170
24 197
223 197
223 118
345 170
233 221
233 24
169 145
345 33
169 457
454 233
454 267
268 240
453 145
453 197
362 384
268 316
362 118
265 118
265 384
58 316
203 455
224 6
224 49
425 138
202 195
425 224
330 167
330 81
210 315
227 426
227 49
500 39
436 144
210 321
436 426
18 442
18 108
292 135
2 442
2 18
333 2
292 257
333 108
47 2
500 254
47 442
195 300
441 47
441 18
248 441
195 315
248 18
315 441
315 2
300 257
392 2
392 248
499 345
36 47
300 315
36 18
135 36
135 2
321 441
373 333
373 108
270 248
321 392
270 108
205 108
499 492
205 135
257 108
73 36
73 205
257 333
94 174
323 377
352 85
352 150
94 147
260 85
127 436
127 363
209 28
215 201
209 186
154 138
154 19
369 442
34 432
34 49
123 142
294 28
369 292
294 436
11 49
11 435
439 47
158 433
158 133
429 88
439 202
429 436
428 127
123 174
428 374
440 201
329 431
329 127
293 436
440 270
293 294
61 430
61 34
342 18
282 186
282 127
488 268
279 34
342 201
279 88
144 428
144 282
201 2
379 434
379 34
156 127
201 18
156 294
427 434
488 173
427 158
184 210
426 435
426 127
10 178
184 333
10 430
230 113
230 167
202 47
437 369
167 436
167 138
434 436
437 439
434 167
28 434
348 234
28 227
35 18
433 28
433 435
6 113
35 210
6 436
81 433
81 6
189 36
178 113
178 435
489 39
19 28
189 73
19 434
432 436
432 167
358 373
141 6
141 28
287 433
358 440
287 178
363 6
489 319
363 113
23 2
186 363
186 28
289 227
23 440
289 6
162 436
162 433
438 257
88 434
88 227
142 254
431 167
438 441
431 433
133 28
133 6
394 315
374 363
374 431
430 186
394 369
430 435
49 167
142 170
49 81
215 369
413 308
115 342
245 418
245 306
147 3
124 214
115 135
124 306
176 245
176 29
190 205
26 124
26 382
192 417
190 300
192 229
412 91
147 119
412 259
102 270
235 419
235 245
54 29
102 64
54 419
424 255
424 339
193 108
159 412
159 308
490 496
370 255
193 300
370 382
286 336
286 255
64 202
20 420
20 370
89 53
64 248
89 419
423 30
490 492
423 386
12 18
70 101
70 420
386 424
12 315
386 339
354 30
354 91
390 369
435 227
435 436
348 497
138 435
390 18
138 436
113 435
113 436
30 308
442 292
29 259
29 229
214 422
442 441
214 308
163 259
163 354
68 131
91 30
91 163
179 240
306 420
68 390
306 308
419 308
419 53
131 184
336 214
336 421
101 308
131 318
101 29
357 259
179 39
357 308
112 12
130 259
130 422
418 386
112 440
418 53
417 336
417 386
318 108
172 306
172 418
491 75
339 421
318 248
339 29
375 420
375 296
355 73
416 101
416 172
382 29
355 210
382 255
398 101
491 344
398 375
443 195
415 229
415 308
414 419
443 205
414 42
413 398
381 408
332 450
372 381
372 310
199 107
332 452
199 13
188 340
492 493
188 32
367 225
403 409
403 182
402 406
367 452
402 8
291 1
291 239
450 452
401 381
401 32
3 371
361 188
450 352
361 381
206 187
206 43
225 260
411 13
411 406
42 386
225 451
42 354
422 42
3 58
422 354
451 452
296 386
296 42
421 386
451 260
421 42
255 421
255 42
452 260
259 422
259 354
396 75
229 421
452 352
229 386
308 229
308 259
108 115
53 42
53 354
420 229
108 438
420 296
30 420
396 3
32 128
32 86
285 450
335 256
335 66
137 316
408 93
285 216
408 340
341 206
341 93
164 448
290 107
290 66
407 128
164 7
407 408
298 86
137 345
298 409
448 7
8 410
8 32
277 187
448 260
277 299
63 206
63 304
449 367
406 408
406 335
493 58
405 206
449 450
405 120
310 411
310 290
7 327
388 66
388 298
314 187
7 452
314 277
14 304
493 368
14 120
216 352
239 299
239 14
252 277
216 332
252 314
404 310
404 314
327 260
13 340
13 252
492 174
182 340
327 332
182 206
381 407
17 495
200 367
200 448
107 411
107 206
311 449
128 411
128 107
391 268
271 411
311 332
271 206
66 107
66 271
395 449
86 66
86 271
304 271
395 285
304 206
1 411
391 496
1 107
55 216
256 411
256 271
187 304
55 448
187 128
325 271
325 304
148 164
410 411
410 271
494 241
340 66
148 367
340 304
60 325
60 1
385 352
299 206
299 340
43 271
385 449
43 410
93 187
494 234
93 271
232 450
409 325
409 43
120 1
232 216
120 206
272 7
272 451
495 368
446 352
446 285
48 164
344 495
48 311
150 367
150 7
344 496
447 452
447 164
103 449
17 241
103 352
85 7
85 232
253 92
297 367
297 225
126 119
323 150
319 126
253 269
109 48
109 284
319 317
92 103
266 447
328 150
241 220
328 146
92 395
45 232
368 316
45 225
269 311
269 200
241 58
266 55
143 148
71 395
71 148
368 119
226 103
226 85
377 148
249 58
146 445
146 367
143 446
249 33
84 450
84 385
166 148
78 268
166 84
377 445
444 148
400 444
496 78
400 225
96 447
96 55
78 319
495 119
445 148
284 272
284 285
496 268
444 272
445 395
200
308 361
70 48
163 120
379 151
487 438
433 27
419 333
111 462
97 264
2 254
497 160
275 257
446 270
44 357
28 29
21 296
98 105
208 454
260 434
63 326
380 24
215 60
162 133
161 367
62 229
272 393
46 365
196 268
207 168
413 340
403 224
386 175
146 307
302 35
185 210
96 248
72 409
99 197
410 338
184 198
471 157
7 64
143 472
191 66
57 297
456 431
135 377
348 190
495 353
480 90
209 251
334 388
239 344
227 126
266 3
460 107
374 205
494 385
289 123
484 228
114 219
356 179
358 443
483 406
131 103
423 56
233 193
5 249
280 321
442 15
417 45
149 282
324 327
276 141
121 76
389 128
40 418
313 19
220 144
283 478
201 187
336 245
188 85
319 217
246 132
14 124
140 331
368 363
491 415
206 100
136 325
458 402
465 298
194 316
69 286
437 328
343 488
424 345
159 226
171 43
318 52
467 293
408 176
89 55
230 427
30 311
291 265
150 416
110 397
287 173
432 429
451 247
414 477
156 13
457 329
474 118
304 404
231 300
73 322
238 317
77 290
373 489
395 106
59 122
204 178
134 212
384 108
350 303
213 352
84 301
448 183
87 235
167 447
259 225
258 378
452 20
455 192
382 381
450 309
117 41
58 349
366 396
1 306
271 137
492 218
383 33
310 401
241 26
426 23
39 10
390 499
475 314
481 83
305 53
236 115
101 449
354 109
262 9
50 79
113 463
312 195
182 360
180 42
139 71
466 234
407 16
399 445
237 459
436 189
279 372
243 18
148 36
405 94
250 256
273 75
86 200
288 281
81 315
214 138
476 91
130 369
22 351
470 392
461 74
172 371
435 412
346 203
158 129
320 485
430 6
261 469
440 421
255 88
170 332
284 221
12 479
490 347
125 376
102 342
4 127