500 1020
249 303
171 378
414 402
307 26
78 435
70 149
252 257
63 131
153 62
448 17
226 24
323 60
375 135
283 104
6 193
400 136
494 289
52 320
219 52
219 230
329 380
25 286
25 348
274 64
329 64
274 237
491 64
491 237
258 128
5 274
5 64
224 5
258 380
224 274
382 5
382 224
113 237
116 382
116 224
120 5
113 274
120 382
119 120
119 116
380 64
28 382
28 120
124 382
380 151
124 119
490 274
490 116
151 490
128 491
128 224
371 64
151 237
371 274
500 23
500 279
499 152
499 250
498 336
498 189
497 499
497 495
72 404
385 461
94 381
251 151
479 483
478 45
478 484
100 271
353 125
353 254
215 478
100 380
215 129
42 215
42 254
90 47
398 353
398 114
400 240
90 258
400 25
477 105
477 45
31 271
289 286
289 483
33 121
31 258
33 114
178 477
178 205
78 128
168 398
168 121
263 240
78 329
263 485
476 481
476 485
307 47
88 10
88 42
82 42
307 28
82 317
486 200
486 205
271 47
236 219
236 263
348 479
271 128
348 219
195 253
195 286
47 491
145 168
145 481
52 25
47 116
105 484
376 380
105 219
301 484
301 254
346 31
385 483
385 114
205 114
346 358
205 484
121 219
121 301
123 208
200 484
200 301
482 114
123 258
482 484
286 483
286 105
311 274
320 482
320 105
481 254
311 113
481 301
480 205
480 485
233 371
45 105
45 219
10 200
233 329
10 254
125 484
125 485
358 380
129 121
129 254
193 484
358 490
193 301
253 200
253 480
208 128
230 483
230 105
214 485
208 90
214 481
317 484
317 214
251 271
240 129
240 253
479 121
349 280
292 346
349 143
367 74
367 473
223 113
202 316
202 330
273 308
223 329
273 363
472 316
472 207
83 124
218 367
218 473
49 349
83 311
49 472
267 473
267 273
84 237
471 318
471 267
390 338
84 380
390 127
319 471
319 349
4 271
158 244
158 338
470 49
4 358
470 207
118 273
118 370
260 224
169 273
169 267
316 118
260 123
316 319
254 219
254 25
51 490
485 219
485 25
484 25
51 271
484 254
114 219
114 254
376 311
483 254
483 25
184 108
89 155
184 169
474 370
474 169
59 487
74 184
74 108
99 169
59 371
99 316
308 22
308 234
487 83
473 474
473 184
209 473
487 260
209 169
153 209
153 169
155 123
244 169
244 184
338 473
155 380
338 316
280 176
280 473
488 83
143 474
143 244
318 209
488 47
318 244
340 11
340 244
150 237
262 108
262 280
342 99
150 233
342 65
363 74
363 244
489 31
330 108
330 473
177 363
489 83
177 342
180 169
180 209
292 120
58 340
58 209
333 126
199 464
383 497
199 115
81 61
81 109
265 497
79 185
79 165
14 465
265 394
14 188
46 188
46 467
361 394
37 369
37 126
35 37
361 498
35 321
469 458
469 333
394 498
127 316
127 169
11 169
394 497
11 316
65 127
65 169
64 251
207 65
207 316
22 169
64 311
22 65
108 22
108 169
237 371
176 316
176 22
370 11
237 120
370 108
130 127
130 22
134 31
70 127
70 11
234 11
134 292
234 65
475 127
475 130
89 59
257 475
257 207
72 369
216 54
246 325
216 399
461 466
461 216
325 15
351 328
351 61
460 61
325 383
460 126
322 35
322 369
336 291
368 369
368 460
109 216
336 361
109 468
112 18
112 368
291 498
459 466
459 468
377 12
291 383
377 61
94 464
94 351
189 305
115 459
115 466
80 328
189 383
80 112
458 462
458 459
15 497
62 465
62 351
16 80
15 305
16 377
457 216
457 464
305 265
456 112
456 109
201 35
305 497
201 464
165 469
165 465
383 265
333 322
71 67
468 469
299 15
468 35
185 469
185 468
283 265
44 35
44 468
399 468
283 30
399 185
321 399
321 185
103 160
12 468
12 321
467 321
103 498
467 44
87 185
87 469
374 15
18 44
18 321
466 44
374 383
466 18
54 468
54 321
496 291
465 466
465 468
126 468
496 361
126 87
464 87
464 54
160 361
463 185
463 126
369 465
160 325
369 469
188 463
188 321
30 498
328 465
328 87
61 18
30 336
61 54
462 54
462 18
246 336
72 467
422 332
422 282
228 429
53 439
228 422
350 141
350 21
438 440
111 235
111 282
288 189
166 148
438 297
166 235
232 139
232 256
194 210
261 139
261 232
441 261
194 20
441 256
3 261
288 103
3 139
439 310
212 3
212 232
315 212
439 440
315 232
440 212
440 261
310 20
137 261
137 315
386 160
172 3
310 440
172 232
210 172
210 261
297 212
198 441
198 256
334 315
297 137
334 256
204 256
386 285
204 210
20 256
255 172
255 204
20 441
23 496
444 67
144 359
144 344
23 250
71 359
91 166
91 242
375 388
249 76
375 211
138 429
138 428
142 139
337 162
337 282
295 152
217 388
142 194
217 166
179 282
179 430
436 3
425 266
425 427
50 281
436 53
50 166
424 91
295 496
424 9
239 76
66 34
66 91
19 166
239 334
19 217
384 426
384 337
372 232
290 211
290 91
73 30
32 337
372 76
32 281
148 424
148 290
76 261
98 213
98 337
423 91
76 232
423 217
327 213
73 265
327 425
437 438
235 430
235 91
55 75
437 441
55 426
187 397
187 141
53 3
221 142
141 166
141 429
213 166
221 436
213 141
388 213
393 497
388 111
434 232
266 388
266 430
332 397
434 438
332 166
21 266
21 332
43 172
75 397
75 430
68 189
428 388
43 255
428 213
162 166
162 141
24 198
381 332
381 388
378 266
24 239
378 75
242 332
68 495
242 397
435 261
211 242
211 388
17 111
435 239
17 332
323 166
323 266
192 20
281 213
281 111
152 103
34 141
192 212
34 266
427 388
427 332
171 440
9 242
9 34
426 211
171 142
426 430
282 141
152 361
282 21
249 142
173 56
343 372
122 391
122 416
250 8
411 167
343 210
411 416
345 122
345 270
41 204
396 411
396 110
38 413
41 310
38 93
410 27
250 374
410 294
133 334
95 146
95 122
421 270
133 432
421 146
106 269
106 312
431 256
420 410
420 56
248 339
277 269
431 310
277 110
314 264
314 269
432 53
356 309
356 277
191 418
432 315
191 146
419 417
248 285
419 117
13 232
354 415
354 309
117 106
13 440
117 312
352 417
352 27
433 142
430 111
430 166
393 15
429 430
433 232
429 166
397 430
397 166
417 56
139 194
270 294
270 93
167 181
139 212
167 56
357 294
357 352
154 379
27 417
27 357
243 498
416 309
154 433
416 56
146 56
146 418
379 437
264 167
264 392
415 56
379 442
415 270
414 294
243 189
414 56
182 13
26 294
26 181
391 117
182 239
391 418
413 264
413 117
442 256
97 416
97 391
107 394
312 392
442 315
312 270
147 309
147 69
77 255
252 415
252 97
110 270
77 438
110 269
412 415
107 186
412 147
443 439
135 93
135 56
136 146
443 204
136 245
173 412
293 222
455 164
104 293
104 268
6 335
455 86
6 101
284 278
285 279
284 163
156 275
360 272
360 259
39 302
156 86
39 102
241 132
241 157
164 86
174 293
174 163
8 291
366 284
164 144
366 293
40 36
40 57
275 71
409 101
409 302
245 117
275 298
245 352
181 245
8 246
181 352
298 86
69 117
69 245
392 117
298 71
392 245
269 392
269 245
86 71
294 181
294 352
492 394
93 392
86 144
93 117
56 93
56 294
256 343
418 245
418 352
309 93
256 192
309 69
417 309
492 8
163 364
163 407
453 164
300 406
300 362
238 336
222 403
453 454
222 278
303 40
303 403
7 96
296 335
296 362
175 364
7 183
175 222
48 407
238 160
48 272
96 183
102 196
102 163
159 36
96 71
159 1
402 40
402 85
395 156
302 222
302 300
279 246
149 40
395 164
149 2
268 409
268 296
183 347
63 362
63 48
401 36
183 86
401 159
92 85
279 276
92 2
454 144
157 1
157 92
341 159
454 455
341 401
60 268
60 401
347 71
101 278
101 341
285 496
259 278
347 455
259 40
293 175
247 231
373 156
373 96
335 409
335 40
29 395
364 409
364 335
313 30
408 409
29 455
408 40
362 335
362 408
203 395
407 362
407 408
85 408
203 453
85 40
132 409
313 339
132 335
324 454
406 409
406 408
36 85
324 96
36 364
405 408
405 85
452 7
196 409
196 408
493 365
278 362
452 156
278 85
404 405
404 132
387 144
1 40
1 278
57 408
387 395
57 196
403 36
493 497
403 408
170 164
272 405
272 57
2 132
170 454
2 40
229 183
229 298
231 276
326 144
326 453
331 7
186 231
331 29
344 156
344 183
186 339
450 86
450 7
451 395
247 365
451 144
359 183
359 170
227 220
355 156
355 275
299 374
444 344
495 299
227 306
287 331
287 304
495 383
220 451
206 450
445 344
365 305
445 447
220 203
225 170
276 336
225 275
306 29
306 373
365 246
206 324
446 452
190 203
190 452
276 374
389 451
389 359
67 452
494 246
447 161
447 156
446 326
494 325
197 164
197 387
226 452
140 30
226 197
67 161
449 452
131 449
339 140
131 275
448 450
448 324
140 495
231 374
161 452
304 229
304 453
339 30
449 229
161 203
200
258 102
183 313
424 208
49 347
350 230
310 244
274 119
398 255
366 411
430 394
166 108
292 333
170 410
463 465
370 227
140 91
254 220
110 314
190 25
361 450
278 358
216 188
348 384
307 392
282 287
218 291
8 59
390 61
342 382
114 339
329 304
484 456
435 343
478 67
494 352
164 221
232 467
337 161
111 83
151 334
250 325
379 436
341 88
402 266
276 322
213 283
228 497
459 492
260 38
209 281
363 499
92 150
500 68
29 404
251 475
239 144
233 422
185 238
301 14
124 323
328 496
446 100
15 415
457 94
383 434
444 309
401 357
86 385
21 35
474 211
146 36
200 89
1 131
294 69
253 338
364 33
46 318
420 196
458 52
378 127
93 24
419 466
453 479
264 80
207 413
224 113
222 75
452 403
462 367
485 95
186 203
103 172
81 395
324 189
174 355
182 70
30 60
315 99
316 490
101 312
460 97
175 45
247 288
76 249
3 267
470 469
156 272
4 65
16 234
217 48
454 320
482 330
305 153
141 386
236 50
74 372
423 431
241 177
193 44
47 464
306 132
20 231
66 270
433 277
9 286
73 71
167 37
129 381
148 179
377 491
409 441
162 139
327 248
319 192
387 112
427 351
429 154
400 418
289 391
137 79
169 143
90 284
62 461
360 476
268 340
123 376
23 472
181 204
43 495
53 369
426 184
317 393
159 265
115 371
42 212
133 240
229 273
439 368
201 116
18 160
290 197
13 311
440 130
157 63
359 326
432 171
32 106
481 346
235 408
473 412
82 295
158 256
117 54
332 263
85 447
202 417
455 489
421 126
262 468
428 487
10 483
486 373
349 134
78 77
293 437
442 298
438 17
173 6
12 147
261 365
41 498
477 405
414 165
407 105
451 480
31 107
406 22
168 280
26 375
118 11