500 1020
261 406
373 223
412 392
80 158
490 427
253 47
378 255
361 328
470 113
141 180
448 353
423 90
232 296
362 323
400 481
335 53
493 477
485 44
484 485
484 311
355 250
215 384
215 212
492 164
355 164
492 183
45 164
45 183
244 10
278 492
278 164
245 278
244 250
245 492
177 278
177 245
89 183
42 177
42 245
248 278
89 492
248 177
43 248
43 42
250 164
110 177
110 248
243 177
250 188
243 43
399 492
399 42
188 399
10 45
10 245
324 164
188 183
324 492
190 139
190 325
64 169
64 247
67 26
67 187
272 64
272 389
97 364
343 336
205 424
395 188
480 150
133 482
133 304
8 491
225 149
225 126
166 133
8 250
166 57
479 166
479 126
317 269
478 225
478 71
335 286
317 244
335 215
118 204
118 482
489 491
477 384
477 150
393 87
489 244
393 71
112 118
112 241
490 10
476 478
476 87
210 286
490 355
210 483
193 49
193 483
80 269
99 398
99 479
475 479
80 110
475 237
58 20
58 241
491 269
172 484
172 210
212 480
491 10
212 484
270 155
270 384
269 45
77 476
77 49
485 215
269 42
204 304
283 250
204 484
153 304
153 126
308 489
343 150
343 71
241 71
308 125
241 304
87 484
87 153
488 331
20 304
20 153
224 71
488 244
224 304
384 150
384 204
115 492
44 224
44 204
49 126
115 89
49 153
106 241
106 483
122 324
482 204
482 484
398 20
122 355
398 126
149 304
149 483
125 250
57 87
57 126
481 304
125 399
481 153
155 20
155 106
331 10
311 150
311 204
295 483
331 317
295 49
237 304
237 295
395 491
286 57
286 155
480 87
465 74
116 308
465 313
23 102
23 234
322 89
339 474
339 95
268 471
322 355
268 467
332 474
332 84
100 243
464 23
464 234
238 465
100 115
238 332
290 234
290 268
148 183
94 202
94 290
55 468
148 250
55 257
167 94
167 465
52 491
88 469
88 468
79 238
52 125
79 84
229 268
229 287
367 245
82 268
82 290
474 229
367 488
474 167
126 484
126 215
305 399
483 484
483 215
304 215
305 491
304 126
71 484
71 126
283 115
150 126
150 215
170 160
486 36
170 82
473 287
473 82
302 222
102 170
102 160
472 82
302 324
472 474
471 203
471 76
222 100
234 473
234 170
334 234
222 367
334 82
470 334
470 82
36 488
469 82
469 170
468 234
36 250
468 474
74 179
74 234
487 100
313 473
313 469
202 334
487 269
202 469
240 185
240 469
199 183
258 160
258 74
145 472
199 122
145 397
467 102
467 469
75 489
95 160
95 234
466 467
75 100
466 145
19 82
19 334
116 248
91 240
91 334
181 374
380 284
497 272
380 22
132 231
132 226
498 272
288 282
288 459
209 138
498 221
209 381
463 381
463 40
499 221
142 345
142 374
105 142
499 67
105 178
135 25
135 181
221 67
257 474
257 82
185 82
221 272
185 474
397 257
397 82
164 395
84 397
84 474
203 82
164 115
203 397
160 203
160 82
183 324
179 474
179 203
287 185
183 248
287 160
27 257
27 203
377 489
253 257
253 185
76 185
377 116
76 397
338 257
338 27
486 302
255 338
255 84
97 345
320 81
495 4
320 281
336 46
336 320
4 351
372 93
372 231
200 231
4 497
200 374
201 105
201 345
26 496
460 345
460 200
226 320
26 499
226 462
388 136
388 460
496 67
385 46
385 462
262 184
496 497
262 231
205 284
205 372
187 358
22 385
22 46
337 93
187 497
337 388
25 194
25 385
351 272
113 138
113 372
124 337
351 358
124 262
60 320
60 284
358 498
316 388
316 226
130 105
358 272
130 284
459 135
459 138
497 498
181 201
246 206
462 135
494 351
462 105
282 135
282 462
362 498
151 105
151 462
281 462
362 376
281 282
178 281
178 282
292 349
184 462
184 178
40 178
292 67
40 151
329 282
329 135
218 351
136 151
136 178
46 151
218 497
46 136
81 462
81 178
280 496
138 46
138 462
374 462
280 499
374 329
284 329
284 81
349 499
461 282
461 374
345 138
349 4
345 135
381 461
381 178
376 67
93 138
93 329
231 136
376 26
231 81
194 81
194 136
495 26
97 40
375 275
375 421
417 108
1 293
417 375
51 228
51 346
387 434
249 66
249 421
500 187
265 56
387 59
265 66
437 62
437 438
431 433
436 62
436 437
220 436
431 5
220 438
435 436
500 292
435 62
293 137
117 435
117 437
29 117
293 434
29 437
434 117
434 436
137 5
140 436
140 29
107 349
326 435
137 434
326 437
433 326
433 436
59 117
24 220
24 438
54 29
59 140
54 438
432 438
107 264
432 433
5 438
182 326
182 432
5 220
139 280
357 206
458 6
458 451
139 247
246 6
168 265
168 127
232 83
261 430
232 31
420 108
420 103
429 62
419 425
419 421
13 169
161 83
429 431
161 265
37 421
37 61
371 435
260 396
260 382
418 41
371 1
418 265
242 168
13 280
242 422
39 430
352 266
352 168
233 265
39 54
233 161
111 350
111 419
369 437
263 31
263 168
9 376
196 419
369 430
196 41
56 242
56 263
430 436
17 426
17 419
356 168
430 437
356 161
21 426
9 498
21 260
386 387
66 61
66 168
354 227
386 220
354 350
256 33
256 228
1 435
34 429
228 265
228 108
426 265
34 371
426 228
83 426
321 272
83 249
101 437
396 83
396 61
275 33
101 387
275 265
346 396
346 275
157 326
227 33
227 61
259 187
103 83
157 182
103 426
425 265
425 228
353 24
424 275
424 83
223 396
353 39
223 227
127 275
259 389
127 33
427 436
31 127
31 83
180 249
427 39
180 275
423 265
423 396
428 5
41 426
41 249
169 292
266 228
428 117
266 396
382 83
382 275
373 434
422 127
422 266
350 31
373 429
350 61
421 228
169 499
421 346
261 429
410 327
441 369
163 207
163 235
247 15
18 174
441 433
18 235
171 163
171 307
442 432
267 18
267 411
297 35
442 137
297 413
409 383
247 218
409 96
298 54
285 2
285 163
416 307
298 274
416 2
152 414
152 92
38 438
12 409
12 327
289 120
72 414
38 137
72 411
214 279
214 414
274 1
119 360
119 72
415 146
274 29
415 2
192 73
289 264
192 3
98 437
299 277
299 360
3 152
98 434
3 92
28 73
28 383
342 429
61 249
61 265
321 351
108 61
342 437
108 265
33 61
33 265
73 327
62 431
307 96
307 413
174 131
62 117
174 327
319 96
319 28
439 300
383 73
383 319
340 67
235 360
439 342
235 327
2 327
2 146
300 386
279 174
279 65
277 327
300 68
277 307
412 96
340 187
412 327
276 98
158 96
158 131
207 3
276 39
207 146
35 279
35 3
68 438
391 235
391 207
128 221
92 65
68 29
92 307
173 360
173 129
440 182
378 277
378 391
411 307
440 387
411 414
109 277
128 121
109 173
191 293
296 413
296 327
53 2
191 432
53 219
410 109
403 195
457 208
323 403
323 165
400 271
457 154
400 86
341 303
264 325
341 239
197 312
162 134
162 14
159 175
197 154
159 318
301 407
301 251
208 154
402 403
402 239
15 496
401 341
208 458
401 403
85 366
85 310
312 246
147 86
147 175
219 3
312 144
219 28
131 219
15 495
131 28
144 154
129 3
129 219
65 3
144 246
65 219
414 65
414 219
154 246
96 131
96 28
370 221
413 65
154 458
413 3
327 413
327 96
438 441
146 219
146 28
360 413
438 428
360 129
73 360
370 15
239 156
239 314
7 208
16 189
16 408
273 26
195 330
7 455
195 303
406 85
406 330
453 394
359 271
359 408
306 156
453 333
306 195
123 314
273 349
123 134
394 333
318 78
318 239
236 366
394 246
236 63
392 85
392 143
454 197
175 195
175 16
325 495
47 85
454 208
47 309
165 147
165 359
333 456
361 408
361 123
405 366
333 154
405 236
70 143
325 30
70 309
455 458
251 63
251 70
404 236
455 457
404 405
90 165
90 405
456 246
86 303
86 404
264 280
14 303
456 457
14 85
403 306
344 368
452 197
452 394
271 147
271 85
348 454
156 147
156 271
254 376
50 147
348 457
50 85
408 271
408 50
363 454
314 408
314 50
143 50
363 7
143 85
407 147
254 120
407 271
379 455
189 147
189 50
366 143
379 394
366 156
69 50
69 143
198 453
78 147
78 50
104 216
303 408
198 197
303 143
364 69
364 407
32 458
63 85
63 303
310 50
32 454
310 78
330 366
104 272
330 50
176 208
134 69
134 310
309 407
176 455
309 85
211 333
211 144
368 30
450 458
450 7
186 453
121 368
186 348
451 197
451 333
121 120
11 154
11 453
291 454
344 216
291 458
6 333
6 176
443 315
294 197
294 312
494 218
357 451
389 494
443 365
444 186
444 449
389 497
315 291
446 11
445 451
216 358
445 447
315 363
252 176
30 26
252 312
365 348
365 452
216 495
446 379
213 198
217 363
217 198
30 218
230 291
230 6
206 198
493 495
447 48
447 197
213 450
493 4
347 208
347 32
448 198
390 376
448 347
206 48
114 198
328 114
120 390
328 312
141 11
141 379
390 389
368 218
48 198
449 211
449 7
120 376
114 211
48 363
200
251 372
492 377
238 86
289 451
481 211
224 245
353 428
463 137
333 253
430 359
55 128
319 63
432 258
306 182
139 475
477 313
301 276
257 393
281 191
445 345
423 323
30 347
239 111
185 307
115 87
482 440
385 186
308 241
190 202
322 498
225 441
243 105
366 264
456 250
28 62
226 222
391 285
240 279
208 437
206 248
36 442
312 183
53 126
43 494
237 218
401 268
302 316
12 328
155 244
261 409
207 97
338 118
173 324
419 52
470 16
154 403
65 293
486 422
274 357
35 311
174 51
163 24
417 473
18 88
452 460
172 380
284 223
392 362
453 342
158 466
4 459
85 221
449 3
283 337
402 246
1 143
122 153
413 8
454 38
425 114
123 390
232 369
407 231
344 435
17 458
418 50
438 99
76 166
15 457
363 98
295 429
61 56
104 127
400 32
93 70
198 462
327 33
169 290
292 162
396 269
235 67
188 125
317 13
193 164
491 159
73 455
450 406
336 467
389 135
91 180
386 204
410 272
370 219
378 247
215 64
255 49
465 493
147 189
436 45
54 381
325 89
79 464
398 68
74 42
7 496
499 214
434 21
260 420
252 80
100 187
388 120
57 200
133 58
175 471
148 227
294 184
387 497
27 320
165 22
199 10
426 368
376 2
424 273
350 177
46 5
267 34
203 138
291 83
229 254
411 195
259 78
170 112
134 490
265 360
310 478
75 296
149 157
412 446
142 20
130 443
335 318
488 132
415 305
309 297
77 209
95 152
358 330
382 178
23 383
314 144
439 150
408 447
484 474
25 124
90 315
375 286
71 41
145 19
397 131
356 340
47 81
348 339
181 6
280 151
60 121
37 196
300 29
379 48
479 487
334 282
117 160
236 59
113 141
263 444
101 303
194 205
404 107
72 69
489 270
278 346