500 1020
163 27
162 135
70 21
428 69
427 160
339 19
63 336
17 218
328 256
217 132
215 159
131 12
123 60
477 8
7 372
360 59
472 358
395 379
394 395
394 370
431 434
393 380
393 398
448 449
431 449
448 450
447 449
447 450
432 437
446 448
446 449
445 446
432 434
445 448
444 446
444 445
433 450
443 444
443 445
442 446
433 448
442 444
441 442
441 443
434 449
440 444
440 442
439 444
434 435
439 441
438 448
438 443
435 438
437 447
437 445
436 449
435 450
436 448
497 500
497 463
496 453
496 457
495 485
495 487
494 496
494 475
271 36
385 269
260 136
423 435
366 388
365 376
365 390
424 429
364 374
364 392
363 365
424 434
363 373
362 363
362 392
425 430
361 364
361 389
360 367
425 432
360 393
359 387
359 376
426 429
358 380
358 388
357 383
426 432
357 389
356 359
356 384
427 437
355 361
355 383
354 367
427 431
354 391
353 378
353 391
428 430
352 375
352 362
351 362
428 440
351 368
400 382
400 384
429 430
399 394
399 354
398 366
429 437
398 394
397 371
397 380
430 447
396 355
396 378
395 393
430 443
387 390
416 434
387 394
386 390
386 392
417 426
385 388
385 389
384 389
417 421
384 390
383 394
383 386
418 422
382 390
382 386
381 389
418 432
381 390
380 388
380 387
419 448
379 381
379 387
378 392
419 433
378 386
377 384
377 391
420 436
376 387
376 394
375 382
420 431
375 392
374 390
374 391
421 434
373 383
373 392
372 390
421 438
372 386
371 382
371 377
422 437
370 388
370 387
369 391
422 425
369 378
368 390
368 369
423 429
367 373
367 371
366 383
314 325
409 417
314 324
313 333
313 330
410 433
312 349
312 318
311 331
410 431
311 319
310 349
310 345
411 439
309 313
309 330
308 314
411 419
308 310
307 330
307 311
412 450
306 323
306 307
305 326
412 434
305 348
304 306
304 314
413 429
303 327
303 326
302 308
413 421
302 345
301 311
301 341
414 445
350 311
350 307
349 301
414 418
349 304
392 394
392 393
415 438
391 394
391 393
390 393
415 429
390 392
389 394
389 392
416 419
388 392
388 393
335 343
402 405
335 350
334 341
334 350
403 404
333 335
333 343
332 350
403 436
332 349
331 344
331 338
404 411
330 334
330 335
329 330
404 414
329 350
328 329
328 350
405 418
327 350
327 335
326 330
405 434
326 349
325 342
325 330
406 411
324 334
324 327
323 329
406 430
323 327
322 347
322 327
407 450
321 343
321 325
320 332
407 420
320 346
319 333
319 327
408 426
318 343
318 330
317 319
408 411
317 320
316 350
316 329
409 442
315 322
315 329
300 279
299 278
490 494
299 259
298 273
298 264
491 494
297 290
297 251
296 280
491 493
296 275
295 275
295 285
492 493
294 276
294 279
293 294
492 495
293 287
292 257
292 300
493 495
348 349
348 350
347 350
493 494
347 349
346 348
346 350
449 423
345 346
345 349
344 350
449 419
344 346
343 344
343 350
450 436
342 349
342 344
341 347
450 442
341 343
340 348
340 344
401 426
339 348
339 347
338 347
401 409
338 346
337 348
337 340
402 403
336 337
336 345
271 276
270 281
483 484
270 288
269 282
269 270
484 488
268 274
268 273
267 273
484 490
267 279
266 293
266 276
485 486
265 276
265 267
264 270
485 492
264 291
263 283
263 265
486 495
262 282
262 291
261 286
486 490
261 273
260 278
260 268
487 489
259 262
259 282
258 274
487 490
258 263
257 272
257 262
488 494
256 280
256 268
255 258
488 489
255 261
254 270
254 278
489 491
253 263
253 264
252 293
489 494
252 278
251 292
251 280
490 491
300 266
249 214
291 292
476 488
291 293
290 292
290 291
477 491
289 293
289 291
288 291
477 482
288 290
287 288
287 290
478 481
286 291
286 287
285 287
478 495
285 289
284 290
284 292
479 488
283 289
283 287
282 289
479 490
282 283
281 291
281 287
480 486
280 282
280 291
279 291
480 492
279 284
278 284
278 281
481 492
277 290
277 279
276 280
481 484
276 292
275 277
275 287
482 495
274 280
274 284
273 283
482 485
273 281
272 281
272 283
483 485
271 285
103 141
103 125
102 147
170 173
102 103
101 145
101 140
171 184
150 106
150 125
499 487
149 110
171 175
149 106
190 192
190 191
172 181
189 192
189 190
188 189
172 176
188 191
187 189
499 478
187 192
173 174
186 187
186 190
185 186
173 184
185 190
184 186
184 189
174 176
183 189
183 185
498 481
182 187
174 184
182 190
181 182
181 189
175 186
180 188
180 191
179 185
175 183
179 191
178 191
498 462
178 181
176 191
177 182
177 178
176 188
500 480
201 214
250 228
250 225
500 457
249 228
124 149
124 134
123 143
163 168
123 133
122 147
122 138
164 192
121 137
121 125
452 453
120 143
164 172
120 149
119 125
119 148
165 187
118 142
118 128
117 130
165 170
117 149
116 124
452 480
116 127
166 168
115 129
115 124
114 149
166 179
114 120
113 126
113 121
167 190
112 133
112 124
451 482
111 121
167 168
111 130
110 116
110 112
168 189
109 144
109 121
108 124
168 190
108 120
107 144
451 491
107 118
169 171
106 148
106 124
105 139
169 188
105 126
104 146
104 145
170 187
156 164
145 149
145 147
144 149
156 165
144 145
143 144
455 494
143 150
157 190
142 143
142 148
141 146
157 171
141 149
140 142
140 141
158 182
139 146
139 148
454 487
138 143
158 177
138 144
137 149
137 145
159 180
136 141
136 143
135 142
159 166
135 139
134 141
454 475
134 146
160 189
133 134
133 143
132 150
160 166
132 141
131 149
131 142
161 176
130 144
130 150
453 478
129 145
161 186
129 142
128 143
128 141
162 184
127 134
127 129
126 133
162 164
126 148
125 145
453 492
125 140
163 164
58 82
199 167
57 68
57 74
457 461
56 77
199 181
56 74
55 57
55 78
200 178
54 56
54 62
53 67
200 174
53 83
52 75
457 479
52 84
151 179
51 73
51 57
100 78
151 153
100 73
99 85
99 65
152 191
98 52
98 82
456 470
97 85
152 174
97 62
96 72
96 85
153 170
95 80
95 97
94 81
153 185
94 73
93 79
456 462
93 91
154 190
92 71
92 80
91 99
154 184
91 65
90 79
90 75
155 164
148 150
148 149
455 488
147 148
155 190
147 149
146 148
146 149
79 82
192 172
78 84
78 83
77 88
192 186
77 82
76 84
76 90
193 194
75 79
75 76
459 495
74 80
193 155
74 82
73 82
73 81
194 169
72 77
72 86
71 82
194 196
71 78
70 84
459 487
70 82
195 154
69 84
69 88
68 91
195 166
68 81
67 72
67 91
196 191
66 74
66 68
458 493
65 86
196 185
65 78
64 80
64 87
197 177
63 71
63 66
62 78
197 171
62 85
61 71
458 468
61 64
198 173
60 83
60 82
59 73
198 178
59 89
58 61
9 28
243 245
8 9
8 18
7 48
243 248
7 11
6 37
462 463
6 30
244 246
5 32
5 10
4 20
244 248
4 23
3 42
3 14
245 248
2 9
2 30
461 486
1 6
245 250
1 9
50 40
50 34
246 249
49 11
49 20
89 91
246 247
89 90
88 89
461 483
88 90
247 248
87 91
87 89
86 91
247 249
86 89
85 86
85 89
248 249
84 88
84 90
460 493
83 86
248 250
83 91
82 83
82 84
191 199
81 89
81 90
80 83
191 161
80 87
79 80
460 461
30 47
30 44
236 245
29 41
29 45
464 485
28 33
236 241
28 37
27 50
27 33
237 238
26 48
26 45
25 47
237 240
25 28
24 44
464 481
24 32
238 240
23 38
23 30
22 40
238 249
22 35
21 50
21 43
239 244
20 28
20 29
463 483
19 50
239 245
19 31
18 49
18 26
240 242
17 45
17 24
16 40
240 248
16 22
15 43
463 473
15 31
241 250
14 35
14 15
13 22
241 243
13 16
12 18
12 16
242 249
11 37
11 13
462 480
10 37
242 243
10 50
9 25
467 469
229 244
229 238
48 49
48 50
230 239
47 49
47 48
466 482
46 49
230 243
46 50
45 48
45 46
231 239
44 45
44 46
43 46
231 236
43 50
42 49
466 470
42 48
232 241
41 49
41 46
40 43
232 238
40 47
39 46
39 43
233 237
38 49
38 46
465 474
37 45
233 244
37 43
36 39
36 42
234 250
35 50
35 37
34 46
234 239
34 38
33 40
465 494
33 46
235 245
32 39
32 34
31 42
235 241
31 50
222 240
222 247
469 473
223 250
223 236
224 237
468 469
224 230
225 244
225 240
468 470
226 248
226 237
227 239
467 474
227 250
228 240
228 235
203 205
202 244
202 246
476 479
201 225
475 476
203 208
204 224
204 220
475 490
205 227
207 226
206 225
474 489
206 213
205 231
209 235
473 485
209 246
208 230
208 229
474 483
207 232
212 233
211 231
211 233
473 479
210 227
210 228
214 233
472 483
213 221
213 244
212 223
472 484
216 245
216 234
215 233
471 482
215 216
214 221
219 233
218 219
470 471
218 246
217 226
217 232
471 475
469 479
221 233
220 222
220 236
470 482
219 222
221 231
200
244 364
140 72
68 149
255 59
322 224
378 55
185 39
342 194
432 235
215 424
297 201
403 275
365 272
292 227
440 489
99 408
281 9
409 309
122 490
197 466
47 42
431 366
467 407
41 132
174 65
66 301
314 462
419 356
10 141
177 107
98 37
212 198
270 472
451 139
245 63
110 485
385 444
114 162
144 338
394 161
414 426
223 383
477 143
381 268
303 300
492 14
318 6
402 11
129 450
49 26
399 296
460 336
118 420
75 401
237 205
247 236
54 83
233 246
357 355
243 285
286 73
293 413
242 346
324 262
435 265
240 416
182 57
375 480
392 80
91 468
264 423
151 283
189 222
102 127
311 104
124 406
263 269
371 443
370 77
113 442
330 404
93 486
218 446
131 200
166 136
483 86
146 487
95 393
434 7
181 315
36 133
320 307
67 70
323 130
340 249
397 306
119 396
493 154
13 418
220 360
34 214
478 81
78 260
18 405
170 290
497 331
425 159
92 395
175 273
353 479
157 282
79 134
476 90
361 138
50 430
239 253
43 373
276 387
137 398
196 192
219 33
31 484
203 23
337 274
17 350
238 156
24 317
335 38
108 69
125 164
148 279
96 391
334 89
199 169
500 60
25 250
271 5
347 168
82 179
345 52
349 195
377 333
216 206
76 372
266 456
184 308
109 284
363 8
321 254
171 46
191 411
475 453
167 188
449 158
28 454
173 316
390 495
445 225
64 339
473 447
226 231
400 241
304 230
459 147
101 35
180 352
433 319
15 221
326 84
429 172
176 498
437 190
85 106
299 482
452 213
455 463
117 2
302 30
341 202
291 62
58 165
380 329
3 359
88 343
362 427
313 207
228 123
386 412
289 61
27 384
209 178
410 470
74 145
111 358
211 436
155 382
344 374
152 40
464 421
32 379