500 1020
315 229
373 127
218 135
488 341
268 432
467 33
66 342
344 445
287 89
39 428
444 73
235 245
426 38
260 305
340 474
199 390
130 148
247 326
392 247
392 160
84 283
266 159
266 352
156 295
84 295
156 102
196 295
196 102
96 337
491 156
491 295
18 491
96 283
18 156
31 491
31 18
489 102
182 31
182 18
60 491
489 156
60 31
490 60
490 182
283 295
228 31
228 60
338 31
283 332
338 490
399 156
399 182
332 399
337 196
337 18
197 295
332 102
197 156
61 83
61 294
95 492
95 277
499 104
499 36
86 95
86 2
457 407
158 264
350 367
378 332
472 319
471 121
471 26
487 240
339 365
339 309
470 471
487 283
470 227
194 470
194 309
261 209
206 339
206 208
199 473
261 96
199 266
64 5
64 121
125 240
148 159
148 319
19 221
125 96
19 208
314 64
314 248
268 337
345 206
345 221
219 473
268 84
219 211
99 30
99 211
488 209
180 226
180 194
331 194
488 228
331 4
42 477
42 248
240 209
112 392
112 219
352 472
240 337
352 392
272 242
272 159
209 196
479 345
479 30
247 266
209 182
5 26
236 283
5 392
478 26
478 309
483 125
158 319
158 208
248 208
483 485
248 26
221 392
221 478
484 486
477 26
477 478
476 208
484 96
476 26
159 319
159 5
195 156
326 476
326 5
30 309
195 489
30 478
475 248
475 211
400 197
121 5
121 392
226 477
400 84
226 309
365 26
365 211
485 283
227 221
227 309
474 26
485 399
474 478
242 477
242 475
486 337
160 319
160 5
290 211
486 261
290 30
4 26
4 290
378 240
473 227
473 242
472 221
269 74
257 483
269 466
50 246
50 329
233 489
164 136
164 172
198 200
233 84
198 323
77 136
77 469
111 338
13 50
13 329
464 269
111 195
464 77
141 329
141 198
244 102
274 322
274 141
463 106
244 283
463 192
462 274
462 269
481 240
258 313
258 106
181 464
481 485
181 469
143 198
143 301
205 18
17 198
17 141
136 143
205 484
136 462
309 392
309 266
482 399
211 392
211 266
26 266
482 240
26 309
208 392
208 309
236 195
319 309
319 266
62 41
393 480
62 17
139 301
139 17
168 10
246 62
246 41
216 17
168 197
216 136
200 157
200 163
10 111
329 139
329 62
25 329
10 205
25 17
287 25
287 17
480 484
313 17
313 62
106 329
480 283
106 136
74 468
74 329
120 111
466 139
466 313
322 25
120 209
322 313
465 161
465 313
333 102
78 41
78 74
292 216
333 400
292 16
323 246
323 313
217 125
172 41
172 329
93 323
217 111
93 292
312 17
312 25
257 60
185 465
185 25
461 354
460 346
296 86
460 284
259 230
259 117
334 86
459 14
459 453
81 63
334 23
81 270
20 270
20 232
256 23
59 75
59 354
347 59
256 499
347 202
382 109
382 461
23 499
192 136
192 17
161 17
23 86
161 136
16 192
16 17
295 378
469 16
469 136
157 17
295 195
157 16
41 157
41 17
102 197
468 136
468 157
301 161
102 60
301 41
46 192
46 157
222 125
467 192
467 161
163 161
222 257
163 16
146 192
146 46
393 168
342 146
342 469
457 75
374 179
497 383
374 394
264 385
264 374
383 150
131 231
131 230
191 230
383 296
191 354
361 347
361 75
104 271
366 75
366 191
117 374
104 256
117 458
224 34
224 366
271 499
456 385
456 458
325 293
271 296
325 230
350 346
350 131
36 498
284 456
284 385
356 231
36 296
356 224
109 304
109 456
150 86
89 63
89 131
317 356
150 498
317 325
455 374
455 346
498 334
153 224
153 117
454 347
498 86
454 346
453 382
453 63
296 334
461 361
396 443
458 382
496 150
458 347
14 382
14 458
260 334
132 347
132 458
394 458
260 90
394 14
202 394
202 14
190 351
293 458
293 202
232 202
190 499
232 132
123 14
123 382
49 150
34 132
34 202
385 132
49 296
385 34
179 458
179 202
376 271
63 385
63 458
354 458
376 256
354 123
346 123
346 179
351 256
145 14
145 354
75 63
351 383
75 382
270 145
270 202
90 499
231 63
231 123
230 34
90 104
230 179
304 179
304 34
497 104
457 232
422 280
422 169
52 249
6 118
52 422
421 316
421 429
210 47
80 85
80 169
500 36
297 299
210 107
297 85
436 438
436 437
67 357
113 438
113 436
69 113
67 58
69 437
355 113
500 190
355 438
118 434
435 355
435 436
88 435
118 47
88 436
47 435
47 113
434 58
212 113
212 88
302 351
21 355
434 47
21 436
357 21
357 113
107 435
310 69
310 437
7 88
107 212
7 437
184 437
302 251
184 357
58 437
397 21
397 184
58 69
83 376
308 443
452 203
452 32
83 277
396 203
427 297
427 278
426 188
315 267
426 353
250 249
250 273
389 438
44 335
44 169
285 492
87 188
389 67
87 297
24 169
24 9
360 355
311 336
311 48
425 384
360 6
425 297
187 427
285 376
187 189
359 267
54 358
54 427
291 297
359 7
291 87
166 100
166 44
29 436
424 353
424 427
387 90
178 44
29 267
178 384
299 187
299 424
267 113
201 255
201 44
279 427
267 436
279 87
423 255
387 334
423 311
72 210
85 9
85 427
349 1
72 69
349 100
254 307
254 316
6 355
55 389
316 297
316 249
255 297
55 360
255 316
188 255
98 86
188 80
57 436
336 188
336 9
280 307
57 210
280 297
429 336
429 280
431 21
1 307
1 9
149 36
273 188
431 397
273 255
335 297
335 316
73 310
367 280
367 188
127 336
73 359
127 1
278 280
149 2
278 307
432 113
353 278
353 188
428 80
432 359
428 280
235 297
235 336
433 58
384 255
384 80
492 190
358 316
433 435
358 336
48 188
48 280
373 47
189 278
189 358
100 353
373 389
100 9
169 316
492 256
169 429
315 389
320 262
114 29
370 37
370 330
277 391
91 15
114 357
91 330
411 370
411 234
193 184
263 91
263 40
375 176
193 434
375 8
410 56
277 49
410 415
430 7
288 379
288 370
420 234
430 225
420 379
154 282
154 11
303 437
110 410
110 262
371 51
419 282
303 434
419 40
101 413
101 282
225 6
418 381
418 419
173 152
225 88
173 379
372 79
371 251
372 71
119 436
134 204
134 381
71 154
119 47
71 11
368 79
368 56
28 389
9 80
9 297
98 150
249 9
28 436
249 297
307 9
307 297
79 262
438 67
234 415
234 8
15 417
438 435
15 262
414 415
414 368
380 439
56 79
56 414
364 499
330 381
380 28
330 262
379 262
379 152
439 72
413 15
413 129
204 262
439 388
204 234
218 415
364 36
218 262
82 119
341 415
341 417
37 71
82 359
37 152
176 413
176 71
388 437
97 330
97 37
363 23
11 129
388 88
11 234
155 381
155 416
440 397
66 204
66 97
40 234
440 210
40 282
412 204
363 362
412 155
253 118
38 8
38 262
390 379
253 184
390 214
320 412
137 406
243 76
305 137
305 321
340 43
243 451
340 147
328 327
251 294
328 386
126 35
162 68
162 401
276 395
126 451
276 404
94 27
94 223
76 451
207 137
207 386
391 271
343 328
76 452
343 137
3 409
3 377
35 396
45 147
45 395
214 71
35 142
214 368
417 214
391 497
417 368
142 451
416 71
416 214
129 71
142 396
129 214
282 129
282 214
451 396
415 417
415 368
175 23
8 129
451 452
8 71
262 8
262 415
437 114
152 214
152 368
381 8
437 433
381 416
79 381
175 391
386 144
386 115
448 76
324 70
324 65
174 104
406 124
448 116
406 327
229 3
229 124
449 450
405 43
405 65
165 144
449 103
165 406
241 115
174 351
241 68
450 103
404 92
404 386
53 409
450 396
53 275
135 3
135 140
239 126
395 406
395 324
294 497
33 3
239 76
33 177
321 45
321 405
103 22
344 65
344 241
403 409
103 451
403 53
183 140
294 300
183 177
116 452
223 275
223 183
402 53
116 243
402 403
245 321
245 403
22 396
147 327
147 402
251 376
401 327
22 243
401 3
137 165
493 12
289 126
289 450
43 45
43 3
133 239
144 45
144 43
237 90
171 45
133 243
171 3
65 43
65 171
213 239
115 65
115 171
140 171
213 448
140 3
27 45
237 51
27 43
215 116
70 45
70 171
409 140
215 450
409 144
408 171
408 140
128 449
92 45
92 171
167 495
327 65
128 126
327 140
407 408
407 27
220 452
275 3
275 327
377 171
220 239
377 92
124 409
167 86
124 171
447 76
68 408
68 377
177 27
447 116
177 3
318 103
318 142
12 300
298 452
298 448
252 449
362 12
252 133
32 126
32 103
362 51
446 451
446 449
151 239
493 495
151 452
203 103
203 447
238 348
186 126
186 35
496 49
308 32
2 496
238 265
108 252
108 105
2 296
348 151
138 446
170 32
495 498
170 369
348 213
398 447
300 104
398 35
265 133
265 289
495 497
138 215
306 128
442 213
442 128
300 49
441 151
441 203
443 128
130 497
369 122
369 126
306 298
130 383
281 76
281 220
444 128
494 90
444 281
443 122
286 128
445 286
51 494
445 35
39 446
39 215
494 2
12 49
122 128
105 318
105 448
51 90
286 318
122 213
200
108 293
217 23
350 256
359 65
348 24
164 441
333 48
480 385
218 109
166 405
21 32
445 306
500 499
29 462
364 202
291 1
382 165
208 282
46 454
35 315
365 206
73 481
129 82
246 100
89 62
297 87
337 261
447 409
265 305
249 8
473 140
330 427
242 255
347 80
10 98
76 124
321 167
325 308
286 493
378 116
143 207
312 421
328 183
78 498
67 251
64 376
331 227
74 83
159 284
257 95
356 275
324 353
94 322
3 171
169 400
355 115
134 250
211 279
119 394
203 415
245 237
289 121
147 425
214 42
178 489
326 404
434 54
90 320
309 366
57 155
403 335
334 70
152 387
412 341
314 413
439 199
304 478
266 457
311 354
14 268
401 317
136 234
196 28
130 241
442 258
25 145
262 422
84 187
212 483
56 383
453 11
329 36
281 6
135 417
231 226
346 110
471 101
92 452
34 2
375 105
88 117
299 31
55 194
174 58
153 139
396 338
205 278
323 460
344 303
215 463
18 5
160 133
228 184
393 252
411 47
296 186
43 192
280 185
173 225
236 86
343 407
384 490
15 230
358 172
37 112
468 316
193 285
210 410
7 494
127 373
292 327
170 158
16 456
33 267
190 482
438 455
469 157
476 399
379 276
243 437
235 63
377 260
60 288
319 17
485 189
99 492
298 201
213 369
435 263
431 244
128 52
277 430
232 269
349 168
122 414
111 418
474 27
486 451
238 216
446 149
195 436
295 426
141 93
271 161
313 254
386 120
496 370
79 45
272 248
118 368
362 374
75 443
13 103
351 68
176 22
397 491
416 302
197 229
270 274
156 144
179 138
247 222
181 294
392 408
461 59
220 332
107 61
85 470
40 50
53 81
253 372
177 423
307 477
402 444
433 12
49 106
419 96
428 71
361 495
191 30