500 1020
428 135
80 179
333 123
312 19
178 427
468 347
231 252
240 441
107 451
369 195
440 365
420 404
197 410
498 219
83 304
149 382
285 121
241 478
6 241
6 477
488 490
51 479
51 350
295 97
488 97
295 260
493 97
493 260
209 208
17 295
17 97
85 17
209 490
85 295
492 17
492 85
489 260
75 492
75 85
89 17
489 295
89 492
398 89
398 75
490 97
48 492
48 89
99 492
490 491
99 398
157 295
157 75
491 157
208 493
208 85
226 97
491 260
226 295
248 102
248 251
500 354
500 71
104 254
104 391
33 500
33 53
36 246
483 93
27 23
384 491
217 343
328 244
328 196
10 122
9 315
9 275
47 328
10 490
47 200
475 47
475 275
234 165
181 9
181 145
149 141
234 209
149 51
367 41
367 244
327 122
121 479
121 343
474 94
327 209
474 145
473 367
473 482
178 208
288 181
288 94
472 141
178 488
472 151
471 82
471 151
312 165
3 232
3 475
470 475
312 48
470 476
392 481
392 482
122 165
138 6
138 472
350 217
122 208
350 6
220 397
220 479
165 493
142 288
142 82
241 51
165 75
41 196
101 490
41 6
20 196
20 275
176 327
483 343
483 145
482 145
176 380
482 196
94 6
94 20
487 43
481 196
481 20
480 145
487 209
480 196
479 343
479 41
278 295
478 480
478 41
82 275
278 489
82 20
293 482
293 151
229 226
244 41
244 6
232 481
229 488
232 275
315 196
315 151
380 490
200 94
200 275
304 196
380 157
304 20
397 481
397 293
43 208
477 343
477 41
76 151
43 234
76 82
476 196
476 76
384 122
141 200
141 397
217 94
314 324
349 176
314 129
362 124
362 56
184 489
109 228
109 42
57 466
184 488
57 255
307 228
307 387
213 99
190 362
190 56
464 314
213 278
464 307
258 56
258 57
113 260
147 465
147 258
271 16
113 490
271 153
351 147
351 314
177 122
29 32
29 16
187 464
177 380
187 387
143 57
143 201
193 85
469 57
469 258
228 143
193 487
228 351
275 6
275 51
344 157
151 6
151 51
196 51
344 122
196 275
145 6
145 275
101 278
343 275
343 51
152 272
323 485
152 469
467 201
467 469
198 484
124 152
124 272
366 469
198 226
366 228
466 64
466 125
484 213
56 467
56 152
279 56
484 193
279 469
107 279
107 469
485 487
32 469
32 152
16 56
485 490
16 228
324 233
324 56
486 213
129 467
129 32
465 279
486 165
465 32
375 61
375 32
340 260
361 272
361 324
103 366
340 229
103 1
255 124
255 32
118 327
42 272
42 56
92 255
118 213
92 103
137 469
137 279
349 89
117 375
117 279
116 330
264 457
281 33
264 452
463 356
463 73
180 33
462 34
462 105
268 12
180 305
268 376
461 376
461 459
154 305
393 18
393 330
269 393
154 104
269 186
88 35
88 116
305 104
153 228
153 469
61 469
305 33
61 228
1 153
1 469
97 384
387 1
387 228
64 469
97 278
64 1
272 64
272 469
260 226
233 228
233 64
201 61
260 89
201 272
299 153
299 64
227 327
468 153
468 61
125 61
227 349
125 1
249 153
249 299
323 198
252 249
252 387
36 18
96 206
286 499
96 261
93 458
93 96
499 256
455 456
455 356
134 356
499 281
134 330
454 269
454 18
254 383
163 18
163 134
73 96
254 154
73 78
395 396
395 163
383 104
320 458
320 78
453 310
383 281
453 356
27 457
27 455
391 161
452 320
452 458
399 456
391 281
399 395
35 175
35 320
256 33
451 12
451 455
309 399
256 161
309 453
28 96
28 457
161 180
450 395
450 73
223 269
161 33
223 457
105 88
105 12
281 180
116 454
448 203
78 88
329 256
78 269
34 88
34 78
498 180
460 269
460 78
261 78
498 221
261 34
186 261
186 34
22 308
310 78
310 186
459 186
22 104
459 460
311 34
311 88
40 256
396 460
396 186
458 460
40 281
458 396
206 78
206 186
59 383
12 458
12 78
330 78
59 154
330 311
457 311
457 206
308 154
214 34
214 330
18 12
308 499
18 88
376 214
376 186
221 104
456 12
456 311
356 396
221 254
356 206
175 206
175 396
286 254
36 459
378 58
378 7
417 424
115 70
417 378
297 368
297 326
337 435
342 119
342 7
283 391
171 54
337 432
171 119
292 436
292 348
14 144
194 436
194 292
65 194
14 237
65 348
150 194
283 22
150 436
70 431
37 150
37 292
199 37
70 435
199 292
435 37
435 194
431 237
434 194
434 199
230 308
263 150
431 435
263 292
144 263
144 194
432 37
46 65
46 348
38 199
432 434
38 348
377 348
230 110
377 144
237 348
433 263
433 377
237 65
102 59
182 203
449 379
449 238
102 71
448 379
136 171
136 8
197 423
428 95
197 421
188 424
188 422
212 436
210 319
210 7
265 354
45 423
212 14
45 171
419 7
419 425
429 150
374 30
374 306
128 66
429 115
128 171
334 136
265 59
334 140
331 95
24 192
24 136
160 171
331 38
160 45
418 173
418 210
430 292
388 421
388 136
339 221
74 210
430 95
74 66
54 334
54 388
95 194
224 253
224 210
298 136
95 292
298 45
52 253
339 180
52 374
284 337
119 425
119 136
146 211
284 65
146 173
245 357
245 368
115 150
426 212
368 171
368 424
253 171
426 429
253 368
423 253
49 33
423 342
130 292
30 423
30 425
58 357
130 337
58 171
326 30
326 58
39 263
211 357
211 425
364 391
422 423
39 433
422 253
319 171
319 368
365 46
23 58
23 423
179 30
365 331
179 211
8 58
364 53
8 357
427 194
421 8
421 423
195 342
427 331
195 58
420 171
420 30
355 237
66 253
66 342
354 22
192 368
355 37
192 30
306 423
306 58
80 435
140 8
140 192
173 421
80 212
173 425
7 368
354 154
7 326
428 212
409 72
438 430
358 282
358 257
71 389
77 411
438 144
77 257
325 358
325 235
106 377
60 77
60 290
408 302
106 431
408 189
79 313
71 40
79 303
400 38
407 21
407 358
276 235
400 317
276 21
205 414
205 168
291 348
13 79
13 72
346 497
352 414
291 431
352 290
207 341
207 414
317 115
158 413
158 352
262 202
317 199
262 21
416 412
346 110
416 131
270 292
415 185
415 413
131 205
270 435
131 168
44 412
44 313
250 212
425 342
425 171
49 256
424 425
250 292
424 171
357 425
357 171
412 72
436 14
235 303
235 189
411 133
436 37
411 72
386 303
386 44
294 166
313 412
313 386
494 104
257 413
294 250
257 72
21 72
21 202
166 284
341 411
341 114
185 72
166 216
185 235
333 303
494 391
333 72
218 270
19 303
19 133
282 131
218 331
282 202
302 341
302 131
216 348
25 257
25 282
191 305
168 114
216 199
168 235
50 413
50 172
437 433
231 185
231 25
290 235
437 337
290 414
289 185
191 243
289 50
100 70
410 189
410 72
382 21
100 377
382 296
409 289
402 274
446 447
219 402
219 127
83 316
446 5
83 167
84 353
110 251
84 390
215 170
4 132
4 403
112 120
215 5
112 183
301 63
301 55
447 5
345 402
345 390
389 383
401 84
447 449
401 402
62 385
62 169
170 448
108 167
108 120
296 131
170 11
296 44
133 296
389 286
133 44
11 5
172 131
172 296
114 131
11 448
114 296
414 114
414 296
5 448
303 133
303 44
287 305
189 114
5 449
189 131
72 189
72 303
348 438
202 296
202 44
413 189
348 355
413 172
412 413
287 389
390 360
390 156
86 447
370 111
370 338
372 254
274 371
86 126
274 353
135 62
135 371
394 164
332 316
332 338
300 360
394 363
300 274
381 156
372 308
381 132
164 363
183 155
183 390
225 385
164 448
225 2
123 62
123 81
445 215
120 274
120 370
251 286
347 62
445 447
347 406
127 108
127 332
363 162
240 338
240 381
222 385
363 5
222 225
318 81
251 68
318 406
126 449
55 2
55 318
405 225
126 446
405 222
404 127
404 222
162 448
167 353
167 405
110 59
403 353
162 446
403 62
402 300
139 69
90 215
90 164
316 108
316 62
67 445
360 108
360 316
496 221
247 108
67 446
247 62
338 316
338 247
336 445
156 338
156 247
81 247
336 86
81 62
63 108
496 497
63 316
98 126
111 108
111 247
385 81
98 164
385 360
322 247
322 81
239 394
155 108
155 247
495 280
353 338
239 215
353 81
246 322
246 63
443 449
2 62
2 353
169 247
443 445
169 155
371 385
495 33
371 247
444 447
132 322
132 169
406 63
444 126
406 62
259 363
259 11
69 68
442 449
442 86
87 394
243 69
87 67
238 215
238 363
243 497
273 5
273 394
15 445
139 280
15 449
379 363
379 444
148 31
236 215
236 170
329 40
182 238
53 329
148 373
439 87
439 266
53 281
31 15
242 273
159 238
280 161
159 335
31 336
26 444
68 254
26 170
373 67
373 90
280 286
242 98
204 239
174 336
174 239
68 40
277 15
277 379
203 239
285 286
335 91
335 215
204 442
285 499
267 447
267 443
440 239
321 221
440 267
203 91
359 239
441 359
497 321
441 170
369 273
369 98
321 53
69 40
91 239
266 259
266 86
497 221
359 259
91 336
200
23 257
65 431
54 423
233 55
486 200
324 239
432 126
174 442
235 121
304 57
317 173
214 37
388 381
480 307
7 76
139 488
419 106
302 418
391 298
40 145
154 421
187 61
231 384
236 288
405 363
424 24
102 49
161 212
150 438
386 449
96 209
366 444
206 321
300 124
346 36
129 316
280 10
142 186
327 348
448 241
216 266
320 159
435 447
341 256
417 339
331 131
203 130
274 197
330 329
101 407
181 190
246 279
168 71
445 73
70 490
411 265
11 180
290 336
208 146
21 59
354 326
273 404
258 179
18 355
456 312
413 253
436 158
500 149
172 91
78 170
476 104
39 471
17 371
344 13
406 359
213 93
243 477
365 478
88 25
475 489
5 195
338 259
66 382
370 342
138 74
399 4
415 14
45 26
89 202
469 308
191 198
394 204
495 395
306 434
457 224
108 412
301 369
229 455
115 287
242 85
357 144
97 219
465 193
205 123
162 244
383 387
463 238
38 268
178 441
385 318
439 374
262 358
9 498
99 264
467 225
15 245
494 378
222 201
297 185
367 107
319 192
343 196
373 446
305 183
254 428
6 427
364 43
19 125
278 311
313 56
177 292
325 127
67 356
350 77
296 211
232 372
33 315
481 83
141 429
100 30
249 347
20 114
252 188
148 433
210 379
269 112
50 156
332 165
86 281
215 285
483 28
32 314
240 328
157 487
132 396
92 8
228 12
275 116
42 499
360 171
147 376
48 2
333 390
163 454
492 136
184 263
217 176
459 223
497 403
153 493
247 226
95 118
60 109
135 420
27 337
422 151
110 452
377 167
29 103
277 276
408 234
472 261
75 255
299 128
474 3
63 218
272 295
283 303
134 335
52 199
461 453
133 466
425 380
90 485
72 284
260 160
402 334
430 468
464 282
271 353