500 1020
12 106
367 127
221 146
87 37
67 223
381 304
89 338
347 327
239 117
397 68
387 287
147 401
35 233
494 284
219 75
468 195
317 298
156 8
49 156
49 151
5 189
188 471
188 356
237 484
5 484
237 485
483 484
483 485
110 207
482 237
482 484
97 482
110 189
97 237
53 482
53 97
167 485
148 53
148 97
240 482
167 237
240 53
161 240
161 148
189 484
312 53
312 240
57 53
189 180
57 161
481 237
481 148
180 481
207 483
207 97
388 484
180 485
388 237
187 143
187 491
500 204
500 487
499 54
499 306
498 500
498 357
442 33
473 56
313 348
99 180
303 94
185 47
185 475
263 128
14 321
14 181
386 185
263 189
386 470
300 386
300 181
305 136
234 14
234 155
468 469
305 110
468 188
7 28
7 47
351 128
298 471
298 94
467 183
351 110
467 155
4 7
4 472
67 207
85 234
85 183
466 469
67 5
466 323
373 208
373 323
87 136
293 393
293 300
465 300
87 312
465 267
214 360
214 472
128 136
476 49
476 466
356 303
128 207
356 49
93 29
93 471
136 483
9 85
9 208
156 188
136 148
28 475
292 189
28 49
474 475
474 181
302 351
473 94
473 155
472 155
302 296
472 475
183 49
183 474
31 310
360 475
360 474
399 155
31 110
399 475
471 94
471 28
480 237
8 399
8 28
208 181
480 167
208 474
168 472
168 323
81 388
47 28
47 49
393 360
81 5
393 181
321 475
321 323
296 189
470 183
470 181
75 475
296 481
75 474
29 360
29 168
310 207
151 94
151 28
230 323
310 305
230 208
267 475
267 230
99 128
469 470
469 29
303 183
457 368
46 302
457 238
205 222
205 88
132 167
456 350
456 458
364 16
132 5
364 32
69 350
69 150
141 57
455 205
455 88
325 457
141 480
325 69
454 88
454 364
52 485
453 65
453 454
264 459
52 189
264 10
334 453
334 457
279 128
273 251
273 459
26 325
279 296
26 150
124 364
124 461
479 97
464 364
464 454
350 124
479 31
350 334
181 49
181 188
170 481
323 49
323 188
475 188
170 128
475 181
155 49
155 181
292 480
94 181
94 188
220 225
478 269
220 464
139 461
139 464
80 376
222 220
222 225
369 464
80 388
369 350
16 462
16 311
376 141
88 139
88 220
190 88
376 479
190 464
239 190
239 464
269 31
251 464
251 220
459 88
269 189
459 350
368 215
368 88
345 141
238 139
238 251
65 190
345 136
65 251
355 463
355 251
329 485
294 225
294 368
112 369
329 81
112 96
32 222
32 251
129 351
458 225
458 88
21 32
129 141
21 112
291 464
291 190
46 240
226 355
226 190
171 61
105 27
340 498
105 297
36 444
36 157
497 498
245 255
245 289
107 446
497 84
107 108
452 108
452 43
134 84
59 445
59 61
18 59
134 499
18 448
451 439
451 171
84 499
10 350
10 464
463 464
84 498
463 350
96 10
96 464
484 99
150 96
150 350
462 464
484 480
462 96
225 462
225 464
485 388
215 350
215 462
461 463
485 240
461 225
460 10
460 462
477 351
381 10
381 463
311 463
477 46
311 96
103 10
103 460
478 80
338 103
338 150
442 445
335 447
495 496
335 449
56 217
56 335
496 50
441 385
441 444
343 444
496 340
343 61
395 18
395 445
54 290
389 445
389 343
157 335
54 134
157 450
224 380
224 389
290 499
38 217
38 450
2 271
290 340
2 444
313 27
313 441
306 98
297 38
297 217
440 385
306 340
440 224
439 443
439 38
50 498
117 446
117 441
252 440
50 98
252 2
307 335
307 27
98 497
326 224
326 157
197 18
98 498
197 27
289 451
289 446
340 497
171 395
438 434
450 451
342 50
450 18
255 451
255 450
494 497
213 18
213 450
449 450
494 266
449 255
448 449
448 255
76 122
271 450
271 448
43 448
76 499
43 213
121 255
121 451
274 50
380 213
380 448
217 213
274 340
217 380
447 450
447 448
272 290
446 217
446 450
61 450
272 134
61 121
27 121
27 447
122 134
374 255
374 61
445 446
122 496
445 451
108 374
108 448
266 499
385 446
385 121
444 380
266 54
444 447
443 447
443 380
495 54
442 43
241 423
241 201
276 3
427 308
276 241
152 425
152 422
149 198
91 211
91 201
165 306
137 114
149 1
137 211
51 177
51 125
398 244
104 177
104 51
73 104
398 30
73 125
116 104
165 76
116 177
308 135
429 116
429 51
257 429
308 198
257 51
198 429
198 104
135 30
231 104
231 257
118 122
79 116
135 198
79 51
244 79
244 104
1 429
428 73
428 125
23 257
1 231
23 125
83 125
118 490
83 244
30 125
194 79
194 83
30 73
143 272
34 434
352 64
352 44
143 487
438 64
361 137
361 86
35 424
12 62
35 13
377 3
377 421
162 177
280 282
280 201
166 204
123 424
162 398
123 137
354 201
354 228
318 116
420 309
420 160
11 55
318 427
11 137
419 361
166 272
419 365
336 62
95 324
95 361
301 137
336 23
301 123
341 144
341 280
426 51
206 13
206 361
20 266
102 280
426 62
102 55
114 419
114 206
62 104
418 119
418 280
154 361
62 51
154 123
210 119
20 497
210 420
390 149
211 228
211 361
259 39
390 73
259 144
153 19
153 425
427 116
138 162
425 137
425 3
119 137
138 318
119 425
424 119
45 498
424 91
72 51
309 424
309 228
423 19
72 149
423 137
422 309
422 423
359 79
39 19
39 228
158 306
421 424
359 194
421 119
282 137
282 425
287 428
348 423
348 424
127 309
287 336
127 39
86 423
158 357
86 19
223 104
13 86
13 424
68 91
223 336
68 423
147 137
147 309
131 30
55 119
55 91
204 76
324 425
131 429
324 309
160 424
160 423
367 198
365 86
365 324
144 13
367 162
144 228
201 425
204 134
201 422
12 162
82 48
432 426
330 410
330 175
487 489
253 375
432 244
253 175
92 330
92 60
315 83
243 253
243 40
270 409
315 135
270 415
115 250
487 274
115 164
314 23
372 169
372 330
286 60
314 17
286 169
216 247
216 179
316 125
176 115
176 48
486 74
163 247
316 135
163 40
133 412
133 247
17 427
417 414
417 163
362 218
17 257
362 169
42 413
486 490
42 416
109 51
145 411
145 414
416 216
109 198
416 179
378 413
378 250
227 162
228 91
228 137
45 50
3 228
227 51
3 137
19 228
19 137
413 48
177 398
60 164
60 415
375 70
177 429
375 48
174 164
174 378
430 209
250 413
250 174
488 499
175 414
430 227
175 48
169 48
169 218
209 390
412 375
412 236
411 48
209 320
411 60
221 164
488 306
221 48
193 109
37 164
37 70
410 416
193 336
410 218
409 412
409 416
320 125
344 175
344 410
184 84
179 236
320 257
179 60
130 414
130 78
431 194
89 411
89 344
40 60
431 149
40 247
332 411
184 328
332 130
319 308
233 415
233 48
195 169
319 83
195 182
82 332
261 229
232 77
284 261
284 283
219 196
232 192
219 383
331 288
490 491
331 379
382 178
113 203
113 186
172 173
382 192
172 281
235 406
235 126
77 192
275 261
275 379
489 290
249 331
77 352
249 261
408 111
408 268
178 438
407 383
407 173
182 416
178 100
182 378
70 182
489 495
70 378
100 192
78 416
78 182
236 416
100 438
236 182
247 236
247 182
192 438
164 70
164 378
254 84
415 236
192 352
415 416
48 415
48 164
125 432
218 182
218 378
414 415
125 131
414 78
413 414
254 489
379 370
379 285
256 77
403 58
403 353
492 54
229 258
256 140
229 288
106 408
106 258
71 260
392 196
392 353
363 370
71 396
363 229
159 285
492 122
159 203
260 396
281 405
281 379
24 111
260 438
24 322
146 408
146 384
265 382
173 229
173 403
491 495
304 408
265 77
304 404
283 407
283 392
396 242
347 353
347 159
402 111
396 192
402 24
101 384
491 120
101 404
140 352
126 322
126 101
277 24
140 232
277 402
401 283
401 402
242 438
383 288
383 277
490 272
186 288
242 232
186 408
261 363
199 200
142 382
142 260
196 407
196 408
202 265
370 407
370 196
337 266
366 407
202 232
366 408
353 196
353 366
6 265
285 353
285 366
384 366
6 256
384 408
406 407
337 74
406 196
15 140
58 407
58 366
111 384
15 260
111 370
25 366
25 384
437 71
405 407
405 366
349 493
288 353
437 382
288 384
33 25
33 406
63 352
322 408
322 288
268 366
63 265
268 405
258 111
349 498
258 366
246 77
203 25
203 268
404 406
246 140
404 408
41 396
41 100
200 120
262 352
262 256
22 71
328 200
22 202
44 382
44 396
328 74
90 192
90 71
295 265
199 493
295 352
64 396
64 246
66 346
339 382
339 178
342 274
34 44
357 342
66 433
358 22
358 278
357 340
346 295
391 90
333 44
493 98
333 248
346 6
212 246
120 54
212 178
433 202
433 142
493 495
391 15
299 437
191 6
191 437
120 274
400 295
400 64
434 437
317 495
248 436
248 382
299 262
317 496
435 77
435 63
387 437
394 266
387 435
434 436
371 437
327 371
74 394
327 178
397 90
397 15
394 357
200 274
436 437
278 41
278 256
74 266
371 41
436 6
200
382 14
422 412
410 137
252 195
355 22
208 92
257 25
215 209
110 246
387 263
245 34
80 108
185 443
451 295
312 98
216 129
447 261
46 455
377 340
431 337
370 406
5 303
199 329
58 68
135 179
344 124
457 490
480 4
186 423
194 210
176 288
299 319
335 317
20 39
77 89
114 54
473 53
301 367
119 311
49 131
479 351
262 183
494 424
399 441
273 171
134 126
458 331
478 383
324 485
407 392
476 107
254 338
420 81
250 477
71 346
100 256
243 415
437 178
467 85
232 43
271 169
18 279
242 96
238 38
180 389
396 292
79 330
393 272
181 414
416 328
157 99
314 380
104 41
276 365
364 153
361 345
224 56
29 148
151 375
341 240
88 376
42 290
327 482
147 315
336 348
495 236
19 306
417 188
189 219
244 226
33 13
112 454
409 221
65 55
460 438
93 453
354 9
84 109
277 31
278 468
268 434
76 218
60 313
283 269
427 255
187 16
305 287
145 156
1 444
373 274
72 217
413 86
342 378
234 421
408 136
265 326
384 470
445 28
282 356
320 177
371 258
404 496
66 281
103 385
347 464
260 138
159 21
220 405
154 37
201 162
228 61
133 323
139 182
432 390
143 233
363 352
442 113
463 62
48 23
150 115
350 193
168 222
435 333
174 75
395 486
198 325
418 121
386 284
294 307
149 366
125 141
357 204
426 73
484 359
229 158
308 291
475 499
97 44
130 381
120 483
90 6
214 140
334 202
488 3
152 322
428 293
167 32
101 436
459 164
128 398
30 118
207 51
247 211
105 266
166 248
45 491
11 275
26 379
461 339
450 40
82 318
471 190
235 7
70 225
300 67
205 391
64 35
474 52
213 332
106 472
212 83
132 74
175 425
102 298
191 388
227 360
462 321
316 111
492 296
203 8