500 1020
65 84
27 217
162 118
444 161
16 237
374 116
155 373
114 284
21 313
283 214
281 236
213 111
205 152
481 108
107 72
19 32
477 94
420 405
419 420
419 399
446 448
418 406
418 8
56 460
446 460
56 98
459 460
459 98
11 450
458 56
458 460
457 458
11 448
457 56
87 458
87 457
447 98
456 87
456 457
455 458
447 56
455 87
454 455
454 456
448 460
453 87
453 455
452 87
448 80
452 454
451 56
451 456
80 451
450 459
450 457
449 460
80 98
449 56
498 500
498 470
497 48
497 465
496 486
496 488
495 497
495 46
100 132
411 50
316 218
440 80
395 414
394 402
394 416
441 43
393 33
393 70
392 394
441 448
392 400
40 392
40 70
442 445
391 393
391 415
19 396
442 11
19 418
390 413
390 402
443 43
94 406
94 414
389 409
443 11
389 415
388 390
388 410
16 450
387 391
387 409
73 396
16 446
73 417
386 404
386 417
444 445
385 401
385 40
384 40
444 453
384 397
424 408
424 410
43 445
423 419
423 73
8 395
43 450
8 419
422 52
422 406
445 459
421 387
421 404
420 418
445 456
413 416
434 448
413 419
412 416
412 70
435 443
411 414
411 415
410 415
435 438
410 416
409 419
409 412
86 439
408 416
408 412
407 415
86 11
407 416
406 414
406 413
436 56
405 407
405 413
404 70
436 447
404 412
403 410
403 417
437 449
402 413
402 419
401 408
437 446
401 70
33 416
33 417
438 448
400 409
400 70
72 416
438 451
72 412
52 408
52 403
439 450
399 414
399 413
398 417
439 442
398 404
397 416
397 398
440 43
396 400
396 52
395 409
358 364
85 435
358 10
357 371
357 368
430 447
6 18
6 83
35 369
430 446
35 361
356 18
356 379
75 452
355 357
355 368
59 358
75 436
59 356
354 368
354 35
431 98
353 363
353 354
352 365
431 448
352 382
351 353
351 358
432 43
79 366
79 365
350 59
432 438
350 379
349 35
349 376
433 457
383 35
383 354
18 349
433 86
18 351
70 419
70 418
28 451
417 419
417 418
416 418
28 43
416 70
415 419
415 70
434 436
414 70
414 418
99 378
96 426
99 383
372 376
372 383
62 425
371 99
371 378
370 383
62 449
370 18
369 97
369 17
425 75
368 372
368 99
367 368
425 433
367 383
21 367
21 383
426 86
366 383
366 99
365 368
426 448
365 18
364 377
364 368
427 75
10 372
10 366
363 367
427 445
363 366
362 381
362 366
428 98
93 378
93 364
81 370
428 437
81 380
361 371
361 366
429 443
83 378
83 368
360 361
429 75
360 81
55 383
55 367
85 455
359 362
359 367
348 331
347 330
491 495
347 315
346 326
346 320
492 495
345 338
345 309
344 36
492 494
344 328
343 328
343 335
493 494
342 329
342 331
341 342
493 496
341 336
340 76
340 348
494 496
382 18
382 383
381 383
494 495
381 18
380 382
380 383
460 440
379 380
379 18
97 383
460 436
97 380
378 97
378 383
98 449
377 18
377 97
376 381
98 455
376 378
375 382
375 97
88 443
374 382
374 381
17 381
88 85
17 380
60 382
60 375
96 62
373 60
373 379
100 329
324 47
485 37
324 14
50 332
50 324
37 489
323 327
323 326
39 326
37 491
39 331
322 341
322 329
486 487
321 329
321 39
320 324
486 493
320 339
319 333
319 321
487 496
318 332
318 339
317 71
487 491
317 326
316 330
316 323
488 490
315 318
315 332
314 327
488 491
314 319
76 325
76 318
489 495
313 36
313 323
312 314
489 490
312 317
311 324
311 330
490 492
49 319
49 320
310 341
490 495
310 330
309 340
309 36
491 492
348 322
307 63
339 340
480 489
339 341
338 340
338 339
481 492
337 341
337 339
14 339
481 484
14 338
336 14
336 338
482 483
71 339
71 336
335 336
482 496
335 337
334 338
334 340
92 489
333 337
333 336
332 337
92 491
332 333
47 339
47 336
31 487
36 332
36 339
331 339
31 493
331 334
330 334
330 47
483 493
58 338
58 331
329 36
483 37
329 340
328 58
328 336
484 496
327 36
327 334
326 333
484 486
326 47
325 47
325 333
485 486
100 335
20 222
20 207
186 226
245 248
186 20
82 57
82 221
246 255
229 189
229 207
499 488
228 193
246 250
228 189
261 263
261 262
247 45
260 263
260 261
259 260
247 26
259 262
258 260
499 482
258 263
248 249
257 258
257 261
256 257
248 255
256 261
255 257
255 260
249 26
4 260
4 256
15 483
254 258
249 255
254 261
45 254
45 260
250 257
253 259
253 262
252 256
250 4
252 262
41 262
15 469
41 45
26 262
251 254
251 41
26 259
500 31
12 63
308 67
308 290
500 465
307 67
206 228
206 216
205 30
65 243
205 215
204 226
204 219
239 263
203 74
203 207
462 48
202 30
239 247
202 228
201 207
201 227
240 258
200 223
200 210
90 212
240 245
90 228
199 206
462 31
199 209
241 243
198 211
198 206
197 228
241 252
197 202
196 208
196 203
242 261
195 215
195 206
461 484
194 203
242 243
194 212
193 199
193 195
243 260
192 224
192 203
191 206
243 261
191 202
190 224
461 492
190 200
244 246
189 227
189 206
188 220
244 259
188 208
187 225
187 57
245 258
233 239
57 228
57 226
224 228
233 240
224 57
30 224
464 495
30 229
234 261
223 30
223 227
222 225
234 246
222 228
221 223
221 222
235 254
220 225
220 227
463 488
219 30
235 251
219 224
74 228
74 57
236 253
218 222
218 30
217 223
236 241
217 220
216 222
463 46
216 225
237 260
215 216
215 30
214 229
237 241
214 222
213 228
213 223
238 26
212 224
212 229
48 482
211 57
238 257
211 223
210 30
210 222
27 255
209 216
209 211
208 215
27 239
208 227
207 57
48 493
207 221
65 239
151 170
270 242
150 160
150 165
465 468
149 168
270 45
149 165
148 150
148 29
271 41
147 149
147 154
146 159
271 249
146 1
61 166
465 92
61 171
230 252
145 5
145 150
185 29
230 231
185 5
69 172
69 157
38 262
184 61
184 170
91 475
183 172
38 249
183 154
182 164
182 172
231 245
181 3
181 183
180 95
231 256
180 5
179 169
91 469
179 23
232 261
178 163
178 3
23 69
232 255
23 157
177 169
177 166
25 239
227 229
227 228
464 489
226 227
25 261
226 228
225 227
225 228
169 170
263 247
29 171
29 1
168 175
263 257
168 170
167 171
167 177
264 265
166 169
166 167
467 496
165 3
264 25
165 170
5 170
5 95
265 244
164 168
164 173
163 170
265 267
163 29
162 171
467 488
162 170
266 232
161 171
161 175
160 23
266 241
160 95
159 164
159 23
267 262
158 165
158 160
466 494
157 173
267 256
157 29
156 3
156 174
268 251
155 163
155 158
154 29
268 246
154 172
153 163
466 473
153 156
269 248
152 1
152 170
32 5
269 41
32 176
151 153
109 124
303 22
108 109
108 115
107 143
303 77
107 110
106 133
469 470
106 126
304 305
105 128
105 24
104 117
304 77
104 120
103 137
103 113
22 77
102 109
102 126
468 487
101 106
22 308
101 109
7 135
7 130
305 307
144 110
144 117
176 23
305 306
176 177
175 176
468 485
175 177
306 77
174 23
174 176
173 23
306 307
173 176
172 173
172 176
77 307
171 175
171 177
89 494
1 173
77 308
1 23
170 1
170 171
262 270
95 176
95 177
3 1
262 238
3 174
169 3
89 468
126 142
126 139
299 22
125 136
125 140
51 486
124 129
299 2
124 133
84 7
84 129
34 300
123 143
123 140
122 142
34 42
122 124
121 139
51 483
121 128
300 42
120 134
120 126
119 135
300 307
119 131
118 7
118 138
301 304
117 124
117 125
470 485
116 7
301 22
116 127
115 144
115 123
42 302
114 140
114 121
66 135
42 77
66 119
54 138
470 478
54 127
2 308
113 131
113 54
112 119
2 303
112 66
111 115
111 66
302 307
110 133
110 112
469 31
24 133
302 303
24 7
109 122
472 474
292 304
292 300
143 144
143 7
293 301
142 144
142 143
471 484
141 144
293 303
141 7
140 143
140 141
294 301
139 140
139 141
138 141
294 299
138 7
137 144
471 475
137 143
295 2
136 144
136 141
135 138
295 300
135 142
9 141
9 138
296 34
134 144
134 141
53 479
133 140
296 304
133 138
132 9
132 137
297 308
131 7
131 133
130 141
297 301
130 134
129 135
53 495
129 141
298 22
128 9
128 130
127 137
298 2
127 7
64 42
64 306
474 478
288 308
288 299
289 34
473 474
289 293
290 304
290 42
473 475
13 77
13 34
291 301
472 479
291 308
67 42
67 298
273 78
272 304
272 305
480 92
12 290
46 480
273 276
44 289
44 286
46 491
78 291
275 13
274 290
479 490
274 280
78 294
277 298
478 486
277 305
276 293
276 292
479 485
275 295
68 296
279 294
279 296
478 92
278 291
278 67
63 296
477 485
280 287
280 304
68 288
477 37
282 22
282 297
281 296
476 484
281 282
63 287
285 296
284 285
475 476
284 305
283 13
283 295
476 46
474 92
287 296
286 64
286 299
475 484
285 64
287 294
50
155 121
284 220
37 388
211 108
357 496
214 247
122 239
30 84
152 24
149 352
203 234
240 334
424 279
184 153
104 126
451 259
356 136
354 61
283 77
346 412
487 327
174 154
287 374
432 416
99 282
358 217
457 54
18 42
410 56
454 456
458 139
140 325
229 296
244 385
116 17
488 55
403 389
267 489
490 257
364 347
66 253
11 337
16 265
204 97
167 94
442 3
81 105
7 307
494 194
462 161