500 1020
229 52
100 207
153 118
445 152
444 228
366 117
147 363
115 273
357 304
272 205
270 227
204 110
199 145
485 106
15 397
386 144
481 384
419 404
418 419
418 395
448 450
417 405
417 421
461 462
448 462
461 463
460 462
460 463
449 453
459 461
459 462
458 459
449 450
458 461
12 459
12 458
39 463
93 12
93 458
457 459
39 461
457 12
7 457
7 93
450 462
456 12
456 457
455 12
450 451
455 7
454 461
454 93
451 454
453 460
453 458
452 462
451 463
452 461
32 500
32 474
497 466
497 13
496 9
496 49
495 497
495 92
317 1
410 315
307 208
441 451
72 73
391 401
391 414
442 446
390 399
390 416
389 391
442 450
389 398
388 389
388 416
14 447
387 390
387 413
386 392
14 449
386 417
385 412
385 401
443 446
384 405
384 73
383 408
443 449
383 413
382 385
382 409
444 453
381 387
381 408
380 392
444 448
380 415
379 403
379 415
445 447
378 400
378 388
377 388
445 456
377 393
423 407
423 409
446 447
422 418
422 380
421 72
446 453
421 418
420 396
420 405
447 460
75 381
75 403
419 417
447 93
412 414
37 450
412 418
411 414
411 416
3 443
410 73
410 413
409 413
3 440
409 414
408 418
408 411
437 31
407 414
407 411
406 413
437 449
406 414
405 73
405 412
438 461
404 406
404 412
403 416
438 39
403 411
402 409
402 415
439 452
401 412
401 418
400 407
439 448
400 416
399 414
399 415
440 450
398 408
398 416
397 414
440 454
397 411
396 407
396 402
31 453
395 73
395 412
394 415
31 14
394 403
393 414
393 394
441 446
392 398
392 396
72 408
65 355
26 3
65 22
348 2
348 359
432 39
347 375
347 10
346 360
432 448
346 350
345 375
345 371
433 455
46 348
46 359
36 65
433 438
36 345
54 359
54 346
69 463
344 354
344 54
343 356
69 450
343 374
342 344
342 65
434 446
341 55
341 356
340 36
434 440
340 371
339 346
339 368
435 458
376 346
376 54
375 339
435 437
375 342
416 418
416 417
436 454
415 418
415 417
414 417
436 446
414 416
413 418
413 416
37 438
73 416
73 417
362 369
425 428
362 376
361 368
361 376
426 427
2 362
2 369
6 376
426 452
6 375
360 370
360 365
427 433
359 361
359 362
358 359
427 435
358 376
357 358
357 376
428 437
55 376
55 362
356 359
428 450
356 375
355 25
355 359
429 433
22 361
22 55
354 358
429 447
354 55
353 373
353 55
430 463
352 369
352 355
351 6
430 439
351 372
350 2
350 55
431 443
10 369
10 359
349 350
431 433
349 351
33 376
33 358
26 457
23 353
23 358
338 323
337 322
492 495
337 306
336 319
336 311
493 495
83 331
83 301
16 324
493 494
16 321
335 321
335 327
61 494
334 78
334 323
333 334
61 496
333 329
85 70
85 338
494 496
374 375
374 376
373 376
494 495
373 375
372 374
372 376
462 441
371 372
371 375
370 376
462 438
370 372
369 370
369 376
463 452
25 375
25 370
368 373
463 457
368 369
367 374
367 370
424 443
366 374
366 373
365 373
424 26
365 372
364 374
364 367
425 426
363 364
363 371
317 78
316 325
489 490
316 330
315 326
315 316
490 68
48 320
48 319
314 319
490 492
314 323
313 333
313 78
9 491
312 78
312 314
311 316
9 61
311 332
310 28
310 312
491 496
309 326
309 332
308 328
491 492
308 319
307 322
307 48
49 77
306 309
306 326
305 320
49 492
305 310
70 318
70 309
68 495
304 324
304 48
20 305
68 77
20 308
51 316
51 322
77 493
303 310
303 311
302 333
77 495
302 322
301 85
301 324
492 493
338 313
299 269
332 85
484 68
332 333
331 85
331 332
485 493
4 333
4 332
330 332
485 488
330 331
329 330
329 331
99 53
328 332
328 329
327 329
99 496
327 4
98 331
98 85
486 68
28 4
28 329
326 4
486 492
326 28
325 332
325 329
487 491
324 326
324 332
323 332
487 61
323 98
322 98
322 325
53 61
63 331
63 323
78 324
53 490
78 85
321 63
321 329
488 496
320 324
320 98
319 28
488 9
319 325
318 325
318 28
489 9
317 327
181 212
181 40
180 218
233 236
180 181
179 216
179 211
234 247
18 184
18 40
499 49
42 188
234 238
42 184
252 254
252 253
235 244
251 254
251 252
250 251
235 239
250 253
249 251
499 99
249 254
236 237
89 249
89 252
248 89
236 247
248 252
247 89
247 251
237 239
246 251
246 248
498 53
245 249
237 247
245 252
244 245
244 251
238 89
243 250
243 253
242 248
238 246
242 253
241 253
498 473
241 244
239 253
240 245
240 241
239 250
500 487
67 269
300 280
300 76
500 13
299 280
200 42
200 206
199 214
229 232
199 90
88 218
88 47
230 254
198 209
198 40
465 466
197 214
230 235
197 42
196 40
196 219
86 249
195 213
195 64
194 19
86 233
194 42
193 200
465 487
193 202
231 232
192 203
192 200
58 42
231 242
58 197
191 201
191 198
62 252
190 90
190 200
464 488
189 198
62 232
189 19
188 193
188 190
232 251
187 215
187 198
186 200
232 252
186 197
185 215
464 493
185 195
91 234
184 219
184 200
183 210
91 250
183 201
182 217
182 216
233 249
224 230
216 42
216 218
215 42
224 86
215 216
214 215
468 495
214 18
225 252
213 214
213 219
212 217
225 234
212 42
211 213
211 212
226 245
210 217
210 219
467 49
47 214
226 240
47 215
209 42
209 216
227 243
208 212
208 214
207 213
227 231
207 210
206 212
467 92
206 217
228 251
90 206
90 214
205 18
228 231
205 212
204 42
204 213
30 239
19 215
19 18
466 99
203 216
30 89
203 213
64 214
64 212
100 247
202 206
202 203
201 90
100 230
201 219
40 216
466 61
40 211
229 230
143 163
257 62
142 151
142 157
13 472
141 95
257 244
141 157
140 142
140 160
258 241
139 141
139 29
8 150
258 237
8 164
138 158
13 486
138 165
220 242
74 156
74 142
178 160
220 222
178 156
177 166
177 148
221 253
45 138
45 163
82 479
176 166
221 237
176 29
94 155
94 166
222 233
175 162
175 176
174 21
222 248
174 156
173 161
82 473
173 171
59 252
172 154
172 162
171 177
59 247
171 148
170 161
170 158
223 230
219 18
219 42
468 68
218 219
223 252
218 42
217 219
217 42
161 163
254 235
160 165
160 164
95 168
254 89
95 163
159 165
159 170
50 255
158 161
158 159
470 496
157 162
50 223
157 163
156 163
156 21
255 91
155 95
155 66
154 163
255 256
154 160
153 165
470 49
153 163
79 59
152 165
152 168
151 171
79 231
151 21
150 155
150 171
256 253
149 157
149 151
469 494
148 66
256 248
148 160
56 162
56 167
11 240
147 154
147 149
29 160
11 234
29 166
146 154
469 478
146 56
41 236
145 164
145 163
144 156
41 241
144 169
143 146
107 35
294 81
106 107
106 116
15 135
294 298
15 109
44 125
473 474
44 24
295 296
105 96
105 108
104 34
295 298
104 119
103 130
103 112
81 298
102 107
102 24
472 491
101 44
81 300
101 107
137 128
137 84
296 299
136 109
136 34
169 171
296 297
169 170
168 169
472 489
168 170
297 298
167 171
167 169
66 171
297 299
66 169
166 66
166 169
298 299
165 168
165 170
471 494
164 66
298 300
164 171
163 164
163 165
253 257
21 169
21 170
162 164
253 30
162 167
161 162
471 472
24 97
24 132
288 81
123 129
123 133
475 9
35 43
288 292
35 125
52 137
52 43
289 290
122 135
122 133
121 97
289 27
121 35
120 132
475 53
120 96
290 27
119 126
119 24
17 128
290 299
17 124
118 137
118 131
291 295
34 35
34 123
474 489
117 137
291 81
117 80
116 136
116 122
27 293
115 133
115 120
114 128
27 298
114 17
113 131
474 482
113 80
292 300
112 124
112 113
111 17
292 294
111 114
110 116
110 114
293 299
109 125
109 111
473 487
108 125
293 294
108 137
107 121
477 38
281 295
281 290
135 136
135 137
282 291
97 136
97 135
476 488
134 136
282 294
134 137
133 135
133 134
283 291
132 133
132 134
131 134
283 288
131 137
130 136
476 479
130 135
284 292
129 136
129 134
128 131
284 290
128 97
127 134
127 131
285 289
126 136
126 134
60 483
125 133
285 295
125 131
1 127
1 130
286 300
124 137
124 125
84 134
286 291
84 126
43 128
60 495
43 134
287 81
96 127
96 84
80 130
287 292
80 137
275 27
275 297
38 482
276 300
276 288
277 289
478 38
277 282
76 295
76 27
478 479
278 298
278 289
279 291
477 483
279 300
280 27
280 287
260 262
259 295
259 296
484 486
67 76
92 484
260 57
261 277
261 274
92 492
262 279
264 278
263 76
483 77
263 268
262 283
265 287
482 9
265 296
57 282
57 281
483 489
264 284
5 285
267 283
267 285
482 486
266 279
266 280
269 285
481 489
268 87
268 295
5 276
481 490
271 81
271 286
270 285
480 488
270 271
269 87
71 285
273 71
479 480
273 296
272 278
272 284
480 92
38 486
87 285
274 275
274 288
479 488
71 275
87 283
50
177 47
257 349
267 207
322 314
438 57
261 441
357 486
360 39
345 2
75 50
24 109
223 358
393 495
202 476
263 89
13 413
235 260
379 317
242 433
459 355
124 60
21 182
404 457
149 480
391 147
246 499
369 329
122 82
152 344
70 193
449 140
84 26
227 161
356 309
399 458
325 278
422 133
319 456
228 273
160 392
17 272
4 184
333 85
15 328
111 181
148 282
339 300
461 163
430 3
463 387