500 1020
229 123
228 210
154 118
446 153
445 70
376 30
150 373
115 274
366 308
273 207
271 227
206 64
199 147
484 107
90 403
396 146
481 394
420 406
419 420
419 401
448 451
418 407
418 423
1 462
448 462
1 463
461 462
461 463
449 454
460 1
460 462
459 460
449 451
459 1
42 460
42 459
450 463
458 42
458 459
79 460
450 1
79 42
457 79
457 458
451 462
456 42
456 79
455 42
451 452
455 457
39 1
39 458
452 39
454 461
454 459
453 462
452 463
453 1
14 500
14 474
497 465
497 468
58 25
58 490
496 497
496 483
321 130
411 319
311 211
47 452
88 414
399 405
399 416
442 447
398 40
398 417
91 399
442 451
91 50
397 91
397 417
443 77
96 398
96 415
396 400
443 449
396 418
395 413
395 405
444 447
394 407
394 414
393 410
444 449
393 415
392 395
392 56
445 454
391 96
391 410
390 400
445 448
390 10
389 31
389 10
446 77
388 404
388 397
387 397
446 456
387 27
425 409
425 56
447 77
424 419
424 390
423 88
447 454
423 419
422 402
422 407
77 461
421 391
421 31
420 418
77 458
413 416
436 451
413 419
412 416
412 417
69 444
411 414
411 415
56 415
69 440
56 416
410 419
410 412
437 441
409 416
409 412
408 415
437 449
408 416
407 414
407 413
438 1
406 408
406 413
31 417
438 450
31 412
4 56
4 10
439 453
405 413
405 419
404 409
439 448
404 417
40 416
40 10
440 451
50 410
50 417
403 416
440 39
403 412
402 409
402 4
441 454
401 414
401 413
36 10
441 443
36 31
27 416
27 36
47 447
400 50
400 402
88 410
356 364
66 69
356 20
355 98
355 368
431 450
354 385
354 359
353 369
431 448
353 360
352 385
352 381
432 455
351 355
351 368
43 356
432 438
43 352
94 368
94 353
433 463
350 48
350 94
349 365
433 451
349 384
348 350
348 356
434 447
87 97
87 365
32 43
434 440
32 381
347 353
347 378
76 459
386 353
386 94
385 347
76 437
385 348
417 419
417 418
435 39
10 419
10 418
416 418
435 447
416 417
415 419
415 417
436 438
414 417
414 418
372 379
5 428
372 386
371 378
371 386
427 35
98 372
98 379
370 386
427 453
370 385
369 380
369 375
35 432
368 371
368 372
367 368
35 76
367 386
366 367
366 386
428 437
97 386
97 372
365 368
428 451
365 385
364 86
364 368
429 432
20 371
20 97
48 367
429 77
48 97
363 383
363 97
430 463
362 379
362 364
361 370
430 439
361 382
360 98
360 97
3 444
359 379
359 368
95 360
3 432
95 361
358 386
358 367
66 79
357 363
357 367
346 328
345 327
493 496
345 45
344 323
344 315
494 496
343 337
343 304
342 329
494 24
342 324
341 324
341 334
495 24
340 325
340 328
339 340
495 58
339 335
338 309
338 346
24 58
384 385
384 386
383 386
24 496
383 385
382 384
382 386
462 47
381 382
381 385
380 386
462 438
380 382
379 380
379 386
463 453
86 385
86 380
378 383
463 79
378 379
377 384
377 380
426 444
376 384
376 383
375 383
426 66
375 382
374 384
374 377
5 427
373 374
373 381
321 325
320 330
100 17
320 336
319 331
319 320
17 491
21 81
21 323
318 323
17 493
318 328
317 339
317 325
25 489
316 325
316 318
315 320
25 495
315 53
314 332
314 316
489 58
313 331
313 53
312 72
489 493
312 323
311 327
311 21
490 492
45 313
45 331
310 81
490 493
310 314
309 322
309 313
491 496
308 329
308 21
307 310
491 492
307 312
306 320
306 327
492 494
82 314
82 315
305 339
492 496
305 327
304 338
304 329
493 494
346 317
302 270
53 338
59 491
53 339
337 338
337 53
484 494
12 339
12 53
336 53
484 488
336 337
335 336
335 337
485 487
72 53
72 335
334 335
485 58
334 12
333 337
333 338
486 491
332 12
332 335
331 12
486 493
331 332
330 53
330 335
22 489
329 331
329 53
328 53
22 495
328 333
327 333
327 330
487 495
326 337
326 328
325 329
487 17
325 338
324 326
324 335
488 58
81 329
81 333
323 332
488 25
323 330
322 330
322 332
100 25
321 334
183 54
183 200
182 218
234 236
182 183
181 217
181 213
49 244
220 186
220 200
499 490
16 188
49 74
16 186
250 252
250 251
235 67
249 252
249 250
248 249
235 238
248 251
247 249
499 485
247 252
236 237
246 247
246 250
245 246
236 244
245 250
244 246
244 249
237 238
93 249
93 245
498 487
243 247
237 244
243 250
67 243
67 249
74 246
242 248
242 251
241 245
74 93
241 251
240 251
498 473
240 67
238 251
239 243
239 240
238 248
500 22
259 270
303 283
303 280
500 468
302 283
65 16
65 209
199 215
229 19
199 208
7 218
7 89
41 252
198 212
198 200
464 465
197 215
41 235
197 16
196 200
196 219
230 247
195 214
195 203
194 205
230 234
194 16
193 65
464 22
193 202
231 19
192 204
192 65
191 16
231 241
191 197
78 201
78 198
232 250
190 208
190 65
26 488
189 198
232 19
189 205
188 193
188 190
19 249
83 216
83 198
187 65
19 250
187 197
57 216
26 494
57 195
233 49
186 219
186 65
185 60
233 248
185 201
184 62
184 217
234 247
23 41
217 16
217 218
216 16
23 230
216 217
215 216
467 496
215 220
225 250
214 215
214 219
54 62
225 49
54 16
213 214
213 54
226 243
60 62
60 219
466 490
89 215
226 239
89 216
212 16
212 217
227 242
211 54
211 215
210 214
227 231
210 60
209 54
466 483
209 62
70 249
208 209
208 215
207 220
70 231
207 54
206 16
206 214
92 238
205 216
205 220
465 485
204 217
92 246
204 214
203 215
203 54
228 244
202 209
202 204
201 208
228 41
201 219
200 217
465 495
200 213
229 41
38 37
29 232
145 2
145 158
468 472
68 161
29 67
68 158
144 145
144 162
258 240
143 68
143 149
142 73
258 237
142 166
141 159
468 486
141 167
221 241
140 157
140 145
180 162
221 13
180 157
179 168
179 9
222 251
178 141
178 37
71 479
177 168
222 237
177 149
28 156
28 168
13 234
63 164
63 177
176 165
13 245
176 157
175 163
71 473
175 173
223 250
174 155
174 164
173 179
223 244
173 9
15 163
15 159
224 41
219 220
219 16
467 491
218 219
224 250
218 16
62 219
62 16
163 37
252 235
162 167
162 166
161 171
252 246
161 37
160 167
160 15
52 253
159 163
159 160
470 58
158 164
52 224
158 37
157 37
157 165
253 233
156 161
156 169
155 37
253 255
155 162
154 167
470 490
154 37
254 223
153 167
153 171
2 173
254 231
2 165
73 156
73 173
255 251
152 158
152 2
469 24
9 169
255 245
9 162
151 164
151 170
256 239
150 155
150 152
149 162
256 49
149 168
148 155
469 80
148 151
257 236
147 166
147 37
146 157
257 240
146 172
38 148
108 124
297 299
107 108
107 116
90 99
297 61
90 110
106 131
473 474
106 126
298 300
105 33
105 109
104 117
298 61
104 8
103 18
103 112
299 61
102 108
102 126
472 489
101 106
299 303
101 108
139 134
139 128
300 302
55 110
55 117
172 173
300 301
172 15
171 172
472 100
171 15
301 61
170 173
170 172
169 173
301 302
169 172
168 169
168 172
61 302
167 171
167 15
471 24
166 169
61 303
166 173
37 166
37 167
251 29
165 172
165 15
164 166
251 92
164 170
163 164
471 472
126 138
126 137
290 299
125 135
125 85
6 25
124 44
290 295
124 131
123 139
123 44
291 292
122 99
122 85
121 138
291 294
121 124
120 137
6 487
120 33
292 294
8 132
8 126
119 134
292 302
119 129
118 139
118 136
293 298
117 124
117 125
474 100
30 139
293 299
30 127
116 55
116 122
294 296
115 85
115 120
114 134
294 61
114 119
113 136
474 51
113 127
295 303
112 129
112 113
111 119
295 297
111 114
64 116
64 114
296 302
110 131
110 111
473 22
109 131
296 297
109 139
108 121
477 478
284 298
284 292
99 55
99 139
285 293
138 55
138 99
476 488
34 55
285 297
34 139
85 99
85 34
11 293
137 85
137 34
136 34
11 290
136 139
18 55
476 479
18 99
286 295
135 55
135 34
134 136
286 292
134 138
133 34
133 136
287 291
132 55
132 34
475 482
131 85
287 298
131 136
130 133
130 18
288 303
129 139
129 131
128 34
288 293
128 132
44 134
475 496
44 34
289 299
33 133
33 128
127 18
289 295
127 139
277 294
277 301
478 51
278 303
278 290
279 291
80 478
279 285
280 298
280 294
80 479
281 61
281 291
282 293
477 482
282 303
283 294
283 289
260 262
75 298
75 300
59 486
259 280
483 59
260 265
261 279
261 276
483 493
262 282
264 281
263 280
482 492
263 269
262 11
266 289
51 25
266 300
265 285
265 284
482 100
264 286
268 287
46 11
46 287
51 486
267 282
267 283
270 287
481 100
269 84
269 298
268 278
481 17
272 299
272 288
271 287
480 488
271 272
270 84
275 287
274 275
479 480
274 300
273 281
273 286
480 483
478 486
84 287
276 277
276 290
479 488
275 277
84 11
50
238 291
290 166
235 498
452 349
316 60
404 467
381 242
31 473
347 396
48 19
445 2
59 292
149 181
440 26
258 377
469 413
265 198
243 338
135 369
216 199
478 85
208 205
137 455
465 328
148 418
257 40
444 28
69 179
33 326
224 82
57 304
284 382
232 151
464 451
92 341
78 121
477 319
43 411
375 88
269 488
226 223
323 187
185 297
466 80
344 420
435 173
11 207
127 229
426 90
260 202