500 1020
234 126
233 209
157 120
447 41
446 231
84 119
151 370
117 275
32 71
33 207
60 230
206 112
30 66
482 108
107 400
27 50
478 389
420 406
419 420
419 398
450 452
418 407
418 24
460 461
450 461
460 462
459 461
459 462
451 89
6 460
6 461
458 6
451 452
458 460
457 6
457 458
78 462
456 457
456 458
86 6
78 460
86 457
29 86
29 456
452 461
455 457
455 86
454 457
452 92
454 29
453 460
453 456
92 453
89 459
89 458
70 461
92 462
70 460
5 500
5 471
40 21
40 467
72 489
72 491
497 40
497 480
321 62
411 320
313 210
443 92
395 413
394 403
394 415
444 448
393 402
393 417
392 394
444 452
392 401
391 392
391 417
445 449
390 393
390 414
27 396
445 451
27 418
22 412
22 403
91 448
389 407
389 413
388 409
91 451
388 414
387 22
387 410
446 89
386 390
386 409
385 396
446 450
385 416
384 405
384 416
447 449
383 95
383 391
382 391
447 455
382 18
424 97
424 410
448 449
423 419
423 385
24 395
448 89
24 419
422 399
422 407
449 459
421 386
421 405
420 418
449 456
412 415
439 452
412 419
49 415
49 417
440 91
411 413
411 414
410 414
440 442
410 415
409 419
409 49
441 98
97 415
97 49
408 414
441 451
408 415
407 413
407 412
4 460
406 408
406 412
405 417
4 78
405 49
404 410
404 416
82 70
403 412
403 419
95 97
82 450
95 417
402 415
402 416
442 452
401 409
401 417
400 415
442 453
400 49
399 97
399 404
98 89
398 413
398 412
397 416
98 445
397 405
18 415
18 397
443 448
396 401
396 399
395 409
20 96
433 440
20 362
356 99
356 366
434 78
355 380
355 79
354 367
434 450
354 73
353 380
353 376
435 454
83 356
83 366
352 20
435 4
352 353
7 366
7 354
436 462
351 361
351 7
350 363
436 452
350 379
349 351
349 20
437 448
348 364
348 363
44 352
437 442
44 376
347 354
347 373
438 458
381 354
381 7
380 347
438 441
380 349
417 419
417 418
23 453
416 419
416 418
415 418
23 448
415 417
414 419
414 417
439 4
413 417
413 418
369 3
426 429
369 381
368 373
368 381
427 428
99 369
99 3
1 381
427 70
1 380
367 375
367 94
428 435
366 368
366 369
365 366
428 438
365 381
32 365
32 381
429 441
364 381
364 369
363 366
429 452
363 380
96 374
96 366
430 435
362 368
362 364
361 365
430 449
361 364
360 378
360 364
431 462
359 3
359 96
54 1
431 82
54 377
73 99
73 364
432 91
79 3
79 366
358 73
432 435
358 54
34 381
34 365
433 86
357 360
357 365
346 61
345 326
494 497
345 312
344 323
344 316
87 497
69 337
69 306
343 327
87 496
343 59
342 59
342 332
495 496
341 324
341 61
340 341
495 72
340 334
339 310
339 346
496 72
379 380
379 381
378 381
496 497
378 380
377 379
377 381
461 443
376 377
376 380
375 381
461 4
375 377
3 375
3 381
462 70
374 380
374 375
373 378
462 86
373 3
372 379
372 375
425 91
84 379
84 378
94 378
425 433
94 377
371 379
371 372
426 427
370 371
370 376
321 324
9 328
75 488
9 335
320 329
320 9
488 492
319 56
319 323
318 323
488 494
318 61
68 340
68 324
489 490
317 324
317 318
316 9
489 495
316 338
65 330
65 317
490 72
315 329
315 338
314 333
490 494
314 323
313 326
313 319
491 493
312 315
312 329
311 56
491 494
311 65
310 322
310 315
492 497
71 327
71 319
309 311
492 493
309 314
308 9
308 326
493 87
307 65
307 316
8 340
493 497
8 326
306 339
306 327
494 87
346 68
304 273
338 339
481 492
338 340
337 339
337 338
482 87
336 340
336 338
335 338
482 487
335 337
334 335
334 337
483 486
333 338
333 334
332 334
483 72
332 336
331 337
331 339
484 492
330 336
330 334
329 336
484 494
329 330
328 338
328 334
485 490
327 329
327 338
61 338
485 495
61 331
326 331
326 328
486 495
325 337
325 61
324 327
486 488
324 339
59 325
59 334
487 72
56 327
56 331
323 330
487 489
323 328
322 328
322 330
75 489
321 332
185 214
185 201
184 219
240 242
184 185
183 217
183 213
45 249
222 186
222 201
499 491
221 189
45 243
221 186
253 255
253 254
241 48
252 255
252 253
19 252
241 244
19 254
251 252
499 483
251 255
242 2
25 251
25 253
250 25
242 249
250 253
249 25
249 252
2 244
248 252
248 250
498 486
247 251
2 249
247 253
48 247
48 252
243 25
58 19
58 254
246 250
243 248
246 254
51 254
498 63
51 48
244 254
245 247
245 51
244 19
500 485
263 273
305 284
305 281
500 467
304 284
200 221
200 15
30 17
234 238
30 208
67 219
67 211
235 255
199 10
199 201
464 21
198 17
235 241
198 221
37 201
37 220
236 251
197 215
197 204
196 76
236 240
196 221
195 200
464 485
195 203
13 238
194 205
194 200
193 221
13 246
193 198
192 202
192 199
237 253
191 208
191 200
463 487
190 199
237 238
190 76
189 195
189 191
238 252
52 216
52 199
188 200
238 253
188 198
187 216
463 87
187 197
239 45
186 220
186 200
100 212
239 19
100 202
35 218
35 217
240 251
81 235
217 221
217 219
216 221
81 236
216 217
17 216
14 497
17 222
228 253
215 17
215 220
214 218
228 45
214 221
213 215
213 214
229 247
212 218
212 220
465 491
211 17
229 245
211 216
10 221
10 217
230 58
210 214
210 17
209 215
230 13
209 212
15 214
465 480
15 218
231 252
208 15
208 17
207 222
231 13
207 214
206 221
206 215
232 244
76 216
76 222
21 483
205 217
232 25
205 215
204 17
204 214
233 249
203 15
203 205
202 208
233 235
202 220
201 217
21 495
201 213
234 235
148 167
261 237
147 156
147 160
467 470
146 163
261 48
146 160
42 147
42 164
262 51
145 146
145 150
144 155
262 2
144 168
143 161
467 484
143 169
223 246
39 38
39 147
182 164
223 225
182 38
181 170
181 153
224 254
85 143
85 167
466 477
180 170
224 2
180 150
179 159
179 170
225 240
178 165
178 180
177 166
225 250
177 38
176 77
466 63
176 43
226 253
175 158
175 165
43 181
226 249
43 153
174 77
174 161
227 235
220 222
220 221
14 492
219 220
227 253
219 221
218 220
218 221
77 167
255 241
164 169
164 168
163 173
255 25
163 167
162 169
162 174
256 36
161 77
161 162
468 72
160 165
256 227
160 167
38 167
38 166
36 239
159 163
159 171
158 167
36 258
158 164
157 169
468 491
157 167
257 226
41 169
41 173
156 43
257 13
156 166
155 159
155 43
258 254
154 160
154 156
93 496
153 171
258 250
153 164
152 165
152 172
259 245
151 158
151 154
150 164
259 45
150 170
149 158
93 475
149 152
260 242
66 168
66 167
50 38
260 51
50 80
148 149
109 127
299 301
108 109
108 118
107 31
299 303
107 111
106 134
63 471
106 26
300 64
105 130
105 110
104 55
300 303
104 122
103 11
103 114
301 303
102 109
102 26
470 490
101 106
301 305
101 109
142 47
142 132
64 304
141 111
141 55
80 43
64 302
80 174
173 80
470 75
173 174
302 303
172 43
172 80
171 43
302 304
171 80
170 171
170 80
303 304
169 173
169 174
469 496
168 171
303 305
168 43
167 168
167 169
254 261
166 80
166 174
165 168
254 232
165 172
77 165
469 470
26 12
26 139
292 301
128 137
128 57
472 489
127 131
292 297
127 134
126 142
126 131
293 294
125 31
125 57
124 12
293 296
124 127
123 139
472 486
123 130
294 296
122 135
122 26
121 47
294 304
121 133
120 142
120 138
295 300
55 127
55 128
471 75
119 142
295 301
119 129
118 141
118 125
296 298
117 57
117 123
116 47
296 303
116 121
115 138
471 479
115 129
297 305
114 133
114 115
113 121
297 299
113 116
112 118
112 116
298 304
111 134
111 113
63 485
110 134
298 299
110 142
109 124
53 476
285 300
285 294
31 141
31 142
286 295
12 141
12 31
474 487
140 141
286 299
140 142
57 31
57 140
287 295
139 57
139 140
138 140
287 292
138 142
11 141
474 477
11 31
288 297
137 141
137 140
47 138
288 294
47 12
136 140
136 138
289 293
135 141
135 140
473 28
134 57
289 300
134 138
62 136
62 11
290 305
133 142
133 134
132 140
290 295
132 135
131 47
473 497
131 140
291 301
130 136
130 132
129 11
291 297
129 142
279 296
279 302
476 479
280 305
280 292
46 293
475 476
46 286
281 300
281 296
475 477
282 303
282 293
283 295
53 28
283 305
284 296
284 291
88 265
264 300
264 64
481 484
263 281
480 481
88 268
74 46
74 277
480 494
265 283
267 282
266 281
28 493
266 272
265 287
269 291
479 489
269 64
268 286
268 285
28 75
267 288
16 289
271 287
271 289
479 484
270 283
270 284
273 289
478 75
272 278
272 300
16 280
478 488
274 301
274 290
60 289
90 487
60 274
273 278
276 289
275 276
477 90
275 64
33 282
33 288
90 480
476 484
278 289
277 279
277 292
477 487
276 279
278 287
50
228 130
406 293
58 119
27 238
395 60
188 106
265 240
475 301
488 356
407 480
51 333
204 59
317 149
331 174
160 45
286 153
26 479
370 224
258 463
157 70
244 280
449 190
2 350
4 77
348 191
75 166
254 341
291 303
281 257
213 199
101 453
457 361
232 314
444 416
69 499
441 146
327 61
242 467
432 493
321 18
150 397
186 43
197 48
201 1
342 237
354 494
391 98
372 65
152 31
196 144