500 1020
234 120
233 209
157 115
443 156
442 231
377 113
151 374
111 277
100 310
276 206
274 230
205 108
51 148
37 106
105 402
392 147
53 390
416 407
415 416
415 400
446 43
414 73
414 419
87 23
446 23
87 84
16 23
16 84
79 450
459 87
459 23
458 459
79 43
458 87
457 459
457 458
447 84
456 457
456 458
455 459
447 87
455 457
454 455
454 456
43 23
453 457
453 455
452 457
43 448
452 454
451 87
451 456
448 451
450 16
450 458
449 23
448 84
449 87
497 500
497 469
496 462
496 464
7 40
7 488
495 496
495 479
325 29
410 323
314 210
91 448
396 54
395 406
395 69
439 444
394 404
394 413
17 395
439 43
17 403
393 17
393 413
440 445
48 394
48 412
392 397
440 79
392 414
391 411
391 406
441 444
390 73
390 54
389 408
441 79
389 412
388 391
388 409
442 450
387 48
387 408
386 397
442 446
386 97
93 86
93 97
443 445
385 405
385 393
82 393
443 453
82 398
420 60
420 409
444 445
99 415
99 386
419 396
444 450
419 415
418 401
418 73
445 16
417 387
417 86
416 414
445 456
411 69
432 43
411 415
92 69
92 413
433 441
410 54
410 412
409 412
433 437
409 69
408 415
408 92
434 438
60 69
60 92
49 412
434 79
49 69
73 54
73 411
435 87
407 49
407 411
86 413
435 447
86 92
13 409
13 97
436 449
406 411
406 415
405 60
436 446
405 413
404 69
404 97
437 43
403 408
403 413
402 69
437 451
402 92
401 60
401 13
438 450
400 54
400 411
399 97
438 440
399 86
398 69
398 399
91 444
397 403
397 401
396 408
359 366
426 433
359 365
21 30
21 370
427 447
358 383
358 362
357 46
427 446
357 26
356 383
356 381
428 452
355 21
355 370
354 359
428 435
354 356
95 370
95 357
429 84
353 41
353 95
44 367
429 43
44 382
352 353
352 359
430 444
351 368
351 367
350 354
430 437
350 381
349 357
349 1
431 458
384 357
384 95
383 349
431 434
383 352
413 415
413 414
24 451
97 415
97 414
69 414
24 444
69 413
412 415
412 413
432 435
54 413
54 414
373 380
422 425
373 384
372 1
372 384
423 424
30 373
30 380
371 384
423 449
371 383
46 47
46 376
424 428
370 372
370 373
369 370
424 431
369 384
100 369
100 384
425 434
368 384
368 373
367 370
425 43
367 383
366 379
366 370
50 428
365 372
365 368
41 369
50 445
41 368
364 98
364 368
90 84
363 380
363 366
80 371
90 436
80 8
26 30
26 368
65 441
362 380
362 370
361 26
65 428
361 80
360 384
360 369
426 455
57 364
57 369
14 332
348 331
491 495
348 313
347 327
347 318
492 495
346 341
346 306
55 333
492 494
55 329
36 329
36 42
493 494
345 94
345 332
344 345
493 7
344 339
343 311
343 14
494 7
382 383
382 384
98 384
494 495
98 383
8 382
8 384
23 91
381 8
381 383
47 384
23 435
47 8
380 47
380 384
84 449
379 383
379 47
1 98
84 455
1 380
378 382
378 47
421 441
377 382
377 98
376 98
421 426
376 8
375 382
375 378
422 423
374 375
374 381
325 94
324 334
485 486
324 68
323 335
323 324
486 489
322 328
322 327
321 327
486 491
321 332
320 344
320 94
40 487
319 94
319 321
318 324
40 493
318 342
317 336
317 319
487 7
316 335
316 342
315 338
487 491
315 327
314 331
314 322
488 490
313 316
313 335
312 328
488 491
312 317
311 326
311 316
489 495
310 333
310 322
309 312
489 490
309 315
308 324
308 331
490 492
307 317
307 318
63 344
490 495
63 331
306 343
306 333
491 492
14 320
304 28
342 343
480 489
342 344
341 343
341 342
37 492
340 344
340 342
68 342
37 484
68 341
339 68
339 341
67 483
338 342
338 339
42 339
67 7
42 340
337 341
337 343
481 489
336 340
336 339
335 340
481 491
335 336
334 342
334 339
482 487
333 335
333 342
332 342
482 493
332 337
331 337
331 334
483 493
330 341
330 332
94 333
483 486
94 343
329 330
329 339
484 7
328 333
328 337
327 336
484 40
327 334
326 334
326 336
485 40
325 42
182 214
182 52
181 219
238 240
181 182
180 217
180 213
239 251
22 185
22 52
499 488
221 189
239 242
221 185
88 45
88 256
12 248
255 45
255 88
254 255
12 243
254 256
253 255
499 67
253 45
240 241
252 253
252 88
74 252
240 251
74 88
251 252
251 255
241 243
250 255
250 74
498 483
249 253
241 251
249 88
248 249
248 255
242 252
247 254
247 256
246 74
242 250
246 256
245 256
498 77
245 248
243 256
244 249
244 245
243 254
500 482
264 28
305 2
305 284
500 464
304 2
201 221
201 208
51 215
234 237
51 207
200 219
200 212
34 45
199 211
199 52
461 462
198 215
34 12
198 221
197 52
197 220
15 253
196 56
196 35
195 204
15 238
195 221
194 201
461 482
194 20
235 237
193 203
193 201
192 221
235 246
192 198
191 202
191 199
236 88
72 207
72 201
460 484
190 199
236 237
190 204
189 194
189 72
237 255
188 216
188 199
187 201
237 88
187 198
186 216
460 492
186 196
83 239
185 220
185 201
184 4
83 254
184 202
183 218
183 217
238 253
227 34
217 221
217 219
216 221
227 15
216 217
215 216
31 495
215 22
228 88
56 215
56 220
214 218
228 239
214 221
213 56
213 214
229 249
4 218
4 220
61 488
212 215
229 244
212 216
211 221
211 217
230 247
210 214
210 215
209 56
230 235
209 4
208 214
61 479
208 218
231 255
207 208
207 215
206 22
231 235
206 214
205 221
205 56
232 243
204 216
204 22
462 67
203 217
232 252
203 56
35 215
35 214
233 251
20 208
20 203
202 207
233 34
202 220
52 217
462 493
52 213
234 34
146 78
262 236
145 155
145 38
464 468
144 161
262 248
144 38
6 145
6 162
263 245
143 144
143 150
142 154
263 241
142 166
141 160
464 481
141 167
222 246
140 25
140 145
179 162
222 224
179 25
178 168
178 3
223 256
177 141
177 78
463 475
176 168
223 241
176 150
175 159
175 168
224 238
174 164
174 176
173 165
224 74
173 25
75 163
463 77
75 171
225 88
172 158
172 164
171 178
225 251
171 3
170 163
170 160
226 34
220 22
220 221
31 489
219 220
226 88
219 221
218 220
218 221
163 78
45 12
162 167
162 166
161 169
45 252
161 78
33 167
33 170
257 96
160 163
160 33
466 7
38 164
257 226
38 78
25 78
25 165
96 83
159 161
159 18
158 78
96 259
158 162
157 167
466 488
157 78
258 225
156 167
156 169
155 171
258 235
155 165
154 159
154 171
259 256
153 38
153 155
465 494
3 18
259 74
3 162
152 164
152 11
260 244
151 158
151 153
150 162
260 239
150 168
149 158
465 473
149 152
261 240
148 166
148 78
147 25
261 245
147 58
146 149
39 121
27 300
106 39
106 112
105 138
27 303
105 64
85 127
77 469
85 122
299 301
104 124
104 107
89 114
299 303
89 117
103 132
103 110
300 303
102 39
102 122
468 487
101 85
300 305
101 39
66 130
66 126
301 304
139 64
139 114
58 171
301 302
58 170
169 58
468 485
169 170
302 303
11 171
11 58
18 171
302 304
18 58
168 18
168 58
303 304
167 169
167 170
467 494
166 18
303 305
166 171
78 166
78 167
256 262
165 58
165 170
164 166
256 232
164 11
163 164
467 468
122 137
122 134
292 300
59 131
59 135
5 40
121 125
292 297
121 127
120 66
120 125
293 294
119 138
119 135
10 137
293 296
10 121
118 134
5 483
118 124
294 296
117 128
117 122
116 130
294 304
116 71
115 66
115 133
295 299
114 121
114 59
469 485
113 66
295 300
113 123
112 139
112 119
296 298
111 135
111 118
81 130
296 303
81 116
9 133
469 477
9 123
297 305
110 71
110 9
109 116
297 27
109 81
108 112
108 81
298 304
64 127
64 109
77 482
107 127
298 27
107 66
39 10
472 474
76 299
76 294
138 139
138 66
286 295
137 139
137 138
471 484
136 139
286 27
136 66
135 138
135 136
287 295
134 135
134 136
133 136
287 292
133 66
132 139
471 475
132 138
288 297
131 139
131 136
130 133
288 294
130 137
129 136
129 133
289 293
128 139
128 136
470 478
127 135
289 299
127 133
29 129
29 132
290 305
71 66
71 127
126 136
290 295
126 128
125 130
470 495
125 136
291 300
124 129
124 126
123 132
291 297
123 66
281 296
281 302
474 477
282 305
282 292
283 293
473 474
283 286
284 299
284 296
473 475
32 303
32 293
285 295
472 478
285 305
2 296
2 291
19 266
265 299
265 301
480 481
264 284
479 480
19 269
70 283
70 279
479 491
266 285
268 32
267 284
478 490
267 273
266 287
270 291
477 40
270 301
269 286
269 76
478 485
268 288
272 289
271 287
271 289
477 481
62 285
62 2
28 289
53 485
273 280
273 299
272 282
53 486
275 300
275 290
274 289
476 484
274 275
28 280
278 289
277 278
475 476
277 301
276 32
276 288
476 479
474 481
280 289
279 281
279 292
475 484
278 281
280 287
50
236 428
30 371
321 461
465 434
79 324
404 273
329 78
284 270
149 120
495 353
108 365
65 389
441 476
60 292
302 18
44 363
350 318
146 22
303 87
475 95
263 359
425 252
265 272
332 103
247 225
417 73
242 430
131 154
245 15
58 248
287 402
202 121
244 474
75 102
437 262
267 453
452 421
96 357
467 327
110 420
140 305
106 109
275 227
219 366
59 308
488 482
335 153
217 198
80 344
99 472