500 1020
227 59
226 205
24 114
444 154
443 224
372 53
148 370
6 276
362 301
275 202
273 223
201 109
196 146
479 105
9 399
389 145
49 387
418 405
417 418
417 397
91 448
71 406
71 421
460 461
91 461
460 68
36 461
36 68
446 44
459 460
459 461
458 459
446 448
458 460
457 459
457 458
447 68
456 457
456 458
455 459
447 460
455 457
454 455
454 456
448 461
453 457
453 455
452 457
448 449
452 454
451 460
451 456
449 451
44 36
44 458
450 461
449 68
450 460
497 500
497 61
496 463
496 466
495 486
495 488
494 496
494 77
315 125
410 313
305 206
25 449
17 413
394 403
394 414
442 42
393 401
393 416
392 394
442 448
392 400
391 392
391 416
60 445
390 393
390 74
389 62
60 446
389 71
388 412
388 403
11 42
387 406
387 413
386 408
11 446
386 74
385 388
385 409
443 44
384 390
384 408
383 62
443 91
383 415
382 404
382 415
444 445
381 402
381 391
380 391
444 453
380 395
423 89
423 409
42 445
422 417
422 383
421 17
42 44
421 417
420 398
420 406
445 36
419 384
419 404
418 71
445 456
412 414
435 448
412 417
411 414
411 416
436 11
410 413
410 74
409 74
436 440
409 414
408 417
408 411
437 441
89 414
89 411
407 74
437 446
407 414
406 413
406 412
438 460
405 407
405 412
404 416
438 447
404 411
92 409
92 415
439 450
403 412
403 417
402 89
439 91
402 416
401 414
401 415
440 448
400 408
400 416
399 414
440 451
399 411
398 89
398 92
441 44
397 413
397 412
396 415
441 60
396 404
395 414
395 396
25 42
62 400
62 398
17 408
80 86
429 436
80 360
353 367
353 364
430 447
352 40
352 355
351 365
430 91
351 54
350 40
350 378
5 452
43 353
43 364
349 80
5 438
349 350
348 364
348 351
431 68
347 359
347 348
346 65
431 448
346 37
345 347
345 80
432 42
344 361
344 65
343 349
432 440
343 378
69 351
69 374
433 458
21 351
21 348
40 69
433 437
40 345
416 417
416 71
434 451
415 417
415 71
414 71
434 42
414 416
74 417
74 416
435 438
413 416
413 71
369 376
94 51
369 21
368 374
368 21
424 425
367 369
367 376
366 21
424 450
366 40
365 377
365 371
425 5
364 368
364 369
363 364
425 433
363 21
362 363
362 21
51 437
361 21
361 369
65 364
51 448
65 40
86 375
86 364
426 5
360 368
360 361
359 363
426 445
359 361
358 97
358 361
427 68
357 376
357 86
356 366
427 439
356 379
54 367
54 361
428 11
355 376
355 364
33 54
428 5
33 356
99 21
99 363
429 455
354 358
354 363
342 323
341 322
490 494
341 304
87 317
87 309
491 494
340 333
340 298
339 324
491 493
339 319
338 319
338 329
492 493
337 320
337 323
336 337
492 495
336 331
335 302
335 342
493 495
37 40
37 21
97 21
493 494
97 40
379 37
379 21
461 25
378 379
378 40
377 21
461 438
377 379
376 377
376 21
68 450
375 40
375 377
374 97
68 455
374 376
373 37
373 377
96 11
372 37
372 97
371 97
96 429
371 379
4 37
4 373
94 424
370 4
370 378
315 320
314 325
484 485
314 332
313 326
313 314
485 90
312 318
312 317
311 317
485 490
311 323
2 336
2 320
486 487
310 320
310 311
309 314
486 492
309 334
308 327
308 310
487 495
307 326
307 334
306 330
487 490
306 317
305 322
305 312
488 489
304 307
304 326
303 318
488 490
303 308
302 316
302 307
90 494
301 324
301 312
50 303
90 489
50 306
300 314
300 322
489 491
56 308
56 309
299 336
489 494
299 322
298 335
298 324
490 491
342 2
296 28
334 335
478 90
334 336
333 335
333 334
479 491
79 336
79 334
332 334
479 78
332 333
331 332
331 333
480 483
330 334
330 331
329 331
480 495
329 79
328 333
328 335
481 90
327 79
327 331
326 79
481 490
326 327
325 334
325 331
482 487
324 326
324 334
323 334
482 492
323 328
322 328
322 325
483 492
321 333
321 323
320 324
483 485
320 335
319 321
319 331
78 495
318 324
318 328
317 327
78 486
317 325
316 325
316 327
484 486
315 329
1 210
1 82
181 215
234 237
181 1
180 16
180 22
235 248
217 85
217 82
499 488
216 13
235 239
216 85
7 255
7 254
236 245
253 255
253 7
252 253
236 240
252 254
251 253
499 480
251 255
237 238
250 251
250 7
249 250
237 248
249 7
248 250
248 253
238 240
247 253
247 249
498 483
246 251
238 248
246 7
245 246
245 253
239 250
244 252
244 254
243 249
239 247
243 254
242 254
498 469
242 245
240 254
241 246
241 242
240 252
500 482
262 28
297 52
297 280
500 466
296 52
197 216
197 204
196 212
227 232
196 203
195 215
195 208
228 255
194 207
194 82
462 463
193 212
228 236
193 216
76 82
76 30
229 251
192 211
192 198
191 200
229 234
191 216
190 197
462 482
190 31
230 232
189 199
189 197
188 216
230 243
188 193
38 15
38 194
231 7
63 203
63 197
70 78
187 194
231 232
187 200
13 190
13 63
232 253
186 213
186 194
185 197
232 7
185 193
184 213
70 491
184 192
233 235
85 30
85 197
183 209
233 252
183 15
182 214
182 16
234 251
221 228
16 216
16 215
213 216
221 229
213 16
212 213
464 494
212 217
48 7
211 212
211 30
210 214
48 235
210 216
22 211
22 210
222 246
209 214
209 30
83 488
208 212
222 241
208 213
207 216
207 16
223 244
206 210
206 212
205 211
223 230
205 209
204 210
83 77
204 214
224 253
203 204
203 212
202 217
224 230
202 210
201 216
201 211
225 240
200 213
200 217
463 480
199 16
225 250
199 211
198 212
198 210
226 248
31 204
31 199
15 203
226 228
15 30
82 16
463 492
82 22
227 228
144 165
19 231
143 153
143 158
466 100
142 160
19 245
142 158
141 143
141 161
261 242
140 142
140 66
139 152
261 238
139 23
138 39
466 481
138 75
218 243
46 157
46 143
18 161
218 219
18 157
179 166
179 150
95 254
178 138
178 165
465 474
177 166
95 238
177 66
176 156
176 166
219 234
175 163
175 177
174 164
219 249
174 157
173 162
465 469
173 171
12 7
172 155
172 163
171 179
12 248
171 150
170 162
170 39
220 228
30 217
30 216
464 90
215 30
220 7
215 216
214 30
214 216
162 165
255 236
161 75
161 23
160 168
255 250
160 165
159 75
159 170
256 257
39 162
39 159
467 495
158 163
256 220
158 165
157 165
157 164
257 233
156 160
156 73
155 165
257 258
155 161
24 75
467 488
24 165
3 12
154 75
154 168
153 171
3 230
153 164
152 156
152 171
258 254
151 158
151 153
10 493
150 73
258 249
150 161
149 163
149 167
259 241
148 155
148 151
66 161
259 235
66 166
147 155
10 472
147 149
260 237
146 23
146 165
145 157
260 242
145 169
144 147
106 119
47 293
105 106
105 112
9 135
47 295
9 108
27 126
469 61
27 121
292 294
104 93
104 107
103 113
292 295
103 45
102 130
102 110
293 295
41 106
41 121
100 487
101 27
293 297
101 106
137 128
137 123
294 296
136 108
136 113
169 171
294 58
169 170
168 169
100 484
168 170
58 295
167 171
167 169
73 171
58 296
73 169
166 73
166 169
295 296
75 168
75 170
468 493
23 73
295 297
23 171
165 23
165 75
254 19
164 169
164 170
163 23
254 225
163 167
162 163
468 100
121 64
121 132
286 293
120 129
120 133
20 486
119 32
286 290
119 126
59 137
59 32
287 288
118 135
118 133
117 64
287 289
117 119
116 132
20 483
116 93
288 289
45 8
45 121
115 128
288 296
115 124
114 137
114 131
88 292
113 119
113 120
61 484
53 137
88 293
53 122
112 136
112 118
289 291
6 133
6 116
111 128
289 295
111 115
35 131
61 476
35 122
290 297
110 124
110 35
72 115
290 47
72 111
109 112
109 111
291 296
108 126
108 72
469 482
107 126
291 47
107 137
106 117
471 473
281 292
281 288
135 136
135 137
67 88
64 136
64 135
470 78
134 136
67 47
134 137
133 135
133 134
57 88
132 133
132 134
131 134
57 286
131 137
130 136
470 474
130 135
282 290
129 136
129 134
128 131
282 288
128 64
127 134
127 131
283 287
8 136
8 134
26 477
126 133
283 292
126 131
125 127
125 130
284 297
124 137
124 126
123 134
284 88
123 8
32 128
26 494
32 134
285 293
93 127
93 123
122 130
285 290
122 137
14 289
14 58
473 476
279 297
279 286
84 287
472 473
84 67
280 292
280 289
472 474
34 295
34 287
29 88
471 477
29 297
52 289
52 285
264 266
263 292
263 294
478 481
262 280
77 478
264 98
265 84
265 277
77 490
266 29
267 34
81 280
477 489
81 272
266 57
268 285
476 486
268 294
98 67
98 281
477 484
267 282
271 283
270 57
270 283
476 481
269 29
269 52
28 283
49 484
272 278
272 292
271 279
49 485
274 293
274 284
273 283
475 78
273 274
28 278
55 283
276 55
474 475
276 294
275 34
275 282
475 77
473 481
278 283
277 14
277 286
474 78
55 14
278 57
50
71 260
24 42
206 484
223 390
244 63
320 322
376 258
261 464
252 372
188 134
142 368
355 99
203 463
247 15
456 48
146 56
22 62
212 281
13 241
200 155
74 314
326 321
384 124
242 202
7 268
391 474
361 143
178 312
20 47
443 172
51 429
494 365
10 175
214 186
423 415
341 40
468 490
135 439
182 438
60 154
417 256
394 152
488 477
483 370
409 352
173 451
55 297
90 426
32 73
351 282