500 1020
230 125
229 208
160 119
440 159
9 228
371 117
154 369
115 272
19 303
271 205
269 227
36 110
198 151
480 107
106 62
53 150
475 389
4 404
414 4
414 397
442 445
413 405
413 39
456 43
442 43
456 457
455 43
455 457
443 448
8 456
8 43
454 8
443 445
454 456
453 8
453 454
444 457
452 453
452 454
1 8
444 456
1 453
91 1
91 452
445 43
451 453
451 1
450 453
445 446
450 91
449 456
449 452
446 449
448 455
448 454
447 43
446 457
447 456
497 500
497 468
496 460
496 99
67 487
67 489
495 496
495 478
313 74
407 25
307 209
64 446
394 29
77 401
77 411
437 441
393 400
393 412
392 77
437 445
392 399
13 392
13 412
438 78
391 393
391 410
53 5
438 443
53 413
390 409
390 401
439 441
389 405
389 29
388 406
439 443
388 410
387 390
387 41
9 448
386 391
386 406
385 5
9 442
385 34
384 403
384 34
440 78
383 75
383 13
382 13
440 451
382 395
418 86
418 41
441 78
417 414
417 385
39 394
441 448
39 414
416 398
416 405
78 455
415 386
415 403
4 413
78 452
409 411
431 445
409 414
408 411
408 412
432 439
407 29
407 410
41 410
432 2
41 411
406 414
406 408
433 436
86 411
86 408
10 410
433 443
10 411
405 29
405 409
434 456
404 10
404 409
403 412
434 444
403 408
402 41
402 34
435 447
401 409
401 414
75 86
435 442
75 412
400 411
400 34
2 445
399 406
399 412
62 411
2 449
62 408
398 86
398 402
436 448
397 29
397 409
396 34
436 438
396 403
395 411
395 396
64 441
5 399
5 398
394 406
351 362
424 432
351 361
350 63
350 365
425 444
349 380
349 355
348 366
425 442
348 356
347 380
347 376
426 450
346 350
346 365
44 351
426 434
44 347
345 365
345 348
427 457
344 360
344 345
343 363
427 445
343 379
342 344
342 351
428 441
341 28
341 363
340 44
428 2
340 376
339 348
339 373
429 454
381 348
381 345
380 339
429 433
380 342
412 414
412 413
430 449
34 414
34 413
411 413
430 441
411 412
410 414
410 412
431 434
29 412
29 413
22 375
419 421
22 381
368 373
368 381
31 420
63 22
63 375
367 381
31 447
367 380
366 24
366 370
420 426
365 368
365 22
364 365
420 429
364 381
19 364
19 381
421 433
28 381
28 22
363 365
421 445
363 380
362 374
362 365
422 426
361 368
361 28
360 364
422 78
360 28
359 378
359 28
46 457
358 375
358 362
357 367
46 435
357 377
356 63
356 28
423 439
355 375
355 365
354 356
423 426
354 357
353 381
353 364
424 1
352 359
352 364
338 319
337 318
491 495
337 306
336 315
336 310
492 495
335 329
335 47
7 89
492 494
7 316
334 316
334 324
493 494
333 57
333 319
332 333
493 67
332 326
331 304
331 338
494 67
379 380
379 381
378 381
494 495
378 380
377 379
377 381
43 64
376 377
376 380
24 381
43 434
24 377
375 24
375 381
457 447
374 380
374 24
373 378
457 1
373 375
372 379
372 24
11 439
371 379
371 378
370 378
11 424
370 377
35 379
35 372
419 31
369 35
369 376
313 57
312 320
71 486
312 327
25 321
25 312
486 23
93 3
93 315
51 315
486 491
51 319
30 332
30 57
487 488
311 57
311 51
310 312
487 493
310 330
309 322
309 311
488 67
79 321
79 330
308 325
488 491
308 315
307 318
307 93
489 490
306 79
306 321
305 3
489 491
305 309
304 314
304 79
23 495
303 89
303 93
302 305
23 490
302 308
301 312
301 318
490 492
300 309
300 310
299 332
490 495
299 318
47 331
47 89
491 492
338 30
297 268
330 331
479 23
330 332
329 331
329 330
480 492
328 332
328 330
327 330
480 485
327 329
326 327
326 329
481 484
325 330
325 326
324 326
481 67
324 328
323 329
323 331
482 23
322 328
322 326
321 328
482 491
321 322
320 330
320 326
483 488
89 321
89 330
319 330
483 493
319 323
318 323
318 320
484 493
317 329
317 319
57 89
484 486
57 331
316 317
316 326
485 67
3 89
3 323
315 322
485 487
315 320
314 320
314 322
71 487
313 324
184 213
184 200
183 217
236 239
183 184
182 216
182 212
237 81
220 186
220 200
499 489
219 50
237 241
219 186
249 20
249 250
238 245
248 20
248 249
76 248
238 242
76 250
94 248
499 481
94 20
239 240
83 94
83 249
247 83
239 81
247 249
81 83
81 248
240 242
246 248
246 247
498 484
84 94
240 81
84 249
245 84
245 248
241 83
65 76
65 250
244 247
241 246
244 250
21 250
498 467
21 245
242 250
243 84
243 21
242 76
500 483
96 268
298 54
298 279
500 99
297 54
199 219
199 207
198 214
230 234
198 206
197 217
197 210
70 20
32 97
32 200
459 460
196 214
70 238
196 219
195 200
195 218
231 94
194 72
194 203
193 15
231 236
193 219
42 199
459 483
42 202
232 234
192 204
192 199
191 219
232 244
191 196
60 201
60 32
233 249
190 206
190 199
458 485
17 32
233 234
17 15
50 42
50 190
234 248
189 215
189 32
188 199
234 249
188 196
187 215
458 492
187 194
235 237
186 218
186 199
45 211
235 76
45 201
185 80
185 216
236 94
224 70
216 219
216 217
215 219
224 231
215 216
214 215
18 495
214 220
225 249
72 214
72 218
213 80
225 237
213 219
212 72
212 213
226 84
211 80
211 218
461 489
210 214
226 243
210 215
97 219
97 216
227 65
209 213
209 214
208 72
227 232
208 211
207 213
461 478
207 80
228 248
206 207
206 214
205 220
228 232
205 213
36 219
36 72
55 242
15 215
15 220
460 481
204 216
55 83
204 72
203 214
203 213
229 81
202 207
202 204
201 206
229 70
201 218
200 216
460 493
200 212
230 70
149 12
256 233
148 158
148 163
99 466
147 66
256 245
147 163
146 148
146 165
257 21
27 147
27 153
145 157
257 240
145 26
144 164
99 482
144 169
221 244
143 14
143 148
181 165
221 222
181 14
180 52
180 156
58 250
88 144
88 12
462 474
179 52
58 240
179 153
178 162
178 52
222 236
177 167
177 179
176 168
222 247
176 14
175 166
462 467
175 173
16 249
174 161
174 167
173 180
16 81
173 156
68 166
68 164
223 70
218 220
218 219
18 23
217 218
223 249
217 219
80 218
80 219
166 12
20 238
165 169
165 26
66 6
20 83
66 12
100 169
100 68
251 252
164 166
164 100
464 67
163 167
251 223
163 12
14 12
14 168
252 235
162 66
162 170
161 12
252 61
161 165
160 169
464 489
160 12
253 16
159 169
159 6
158 173
253 232
158 168
157 162
157 173
61 250
40 163
40 158
463 494
156 170
61 247
156 165
155 167
155 171
254 243
154 161
154 40
153 165
254 237
153 52
152 161
463 69
152 155
255 239
151 26
151 12
150 14
255 21
150 172
149 152
108 56
293 38
107 108
107 116
106 141
293 95
106 37
105 73
467 468
105 127
294 295
92 128
92 109
104 118
294 95
104 121
103 136
103 112
38 95
102 108
102 127
466 488
101 105
38 298
101 108
142 134
142 130
295 297
59 37
59 118
172 173
295 296
172 68
6 172
466 71
6 68
296 95
171 173
171 172
170 173
296 297
170 172
52 170
52 172
95 297
169 6
169 68
465 494
26 170
95 298
26 173
12 26
12 169
250 256
168 172
168 68
167 26
250 55
167 171
166 167
465 466
127 140
127 98
288 38
126 135
126 138
469 487
56 129
288 291
56 73
125 142
125 129
289 90
124 141
124 138
123 140
289 82
123 56
122 98
469 484
122 128
90 82
121 132
121 127
120 134
90 297
120 131
119 142
119 137
290 294
118 56
118 126
468 71
117 142
290 38
117 87
116 59
116 124
82 292
115 138
115 122
114 134
82 95
114 120
113 137
468 476
113 87
291 298
112 131
112 113
111 120
291 293
111 114
110 116
110 114
292 297
37 73
37 111
467 483
109 73
292 293
109 142
108 123
472 473
282 294
282 90
141 59
141 142
33 290
140 59
140 141
471 485
139 59
33 293
139 142
138 141
138 139
283 290
98 138
98 139
137 139
283 288
137 142
136 59
471 474
136 141
284 291
135 59
135 139
134 137
284 90
134 140
133 139
133 137
285 289
132 59
132 139
470 477
73 138
285 294
73 137
74 133
74 136
286 298
131 142
131 73
130 139
286 290
130 132
129 134
470 495
129 139
287 38
128 133
128 130
87 136
287 291
87 142
276 82
276 296
473 476
277 298
277 288
278 289
69 473
278 33
279 294
279 82
69 474
280 95
280 289
281 290
472 477
281 298
54 82
54 287
259 261
258 294
258 295
479 482
96 279
478 479
259 264
260 278
260 274
478 491
261 281
263 280
262 279
477 490
262 49
261 283
85 287
476 487
85 295
264 33
264 282
477 71
263 284
267 285
266 283
266 285
476 482
265 281
265 54
268 285
475 71
49 275
49 294
267 277
475 486
270 38
270 286
269 285
48 485
269 270
268 275
273 285
272 273
474 48
272 295
271 280
271 284
48 478
473 482
275 285
274 276
274 288
474 485
273 276
275 283
50
332 128
88 487
230 120
175 178
165 485
190 75
461 279
271 471
163 174
247 402
413 98
80 306
24 397
248 390
393 135
294 182
386 464
484 455
354 74
353 417
25 194
218 84
8 418
240 59
456 388
187 421
376 370
107 97
278 161
409 213
459 415
315 309
319 181
336 203
352 103
68 389
367 283
490 355
15 87
380 288
104 451
164 43
150 77
305 45
22 432
66 256
202 344
293 129
32 168
210 208