500 1020
238 30
237 214
40 120
440 162
439 236
377 118
157 374
116 279
366 307
11 86
278 28
69 111
206 154
480 108
107 398
388 153
476 387
413 404
73 413
73 396
443 445
412 95
412 416
455 456
443 456
455 457
454 456
454 457
444 448
453 455
453 456
452 453
444 445
452 455
58 453
58 452
62 457
32 58
32 452
81 453
62 455
81 58
451 81
451 32
445 456
450 58
450 81
449 58
445 446
449 451
50 455
50 32
446 50
448 454
448 452
447 456
446 457
447 455
497 500
497 469
496 460
496 463
495 51
495 488
494 496
494 60
320 133
1 319
311 215
436 446
392 25
391 401
391 410
437 441
5 61
5 411
390 391
437 445
390 399
94 390
94 411
10 442
389 5
389 409
388 393
10 444
388 412
29 408
29 401
438 441
387 95
387 25
386 406
438 444
386 409
385 29
385 407
439 448
19 389
19 406
384 393
439 443
384 78
383 403
383 78
440 442
8 400
8 94
92 94
440 450
92 394
24 405
24 407
441 442
417 73
417 384
416 392
441 448
416 73
415 397
415 95
442 454
414 19
414 403
413 412
442 32
408 410
429 445
408 73
21 410
21 411
430 438
1 25
1 409
407 409
430 434
407 410
406 73
406 21
431 435
405 410
405 21
7 409
431 444
7 410
95 25
95 408
432 455
404 7
404 408
403 411
432 62
403 21
402 407
402 78
433 447
401 408
401 73
400 405
433 443
400 411
61 410
61 78
434 445
399 406
399 411
398 410
434 50
398 21
397 405
397 402
435 448
396 25
396 408
395 78
435 10
395 403
394 410
394 395
436 441
393 399
393 397
392 406
85 364
423 430
85 363
355 371
355 368
424 62
354 84
354 358
353 369
424 443
353 359
71 84
71 379
425 449
352 355
352 368
351 85
425 432
351 71
80 368
80 353
426 457
350 362
350 80
349 365
426 445
349 381
348 350
348 85
427 441
347 16
347 365
346 351
427 434
346 379
345 353
345 39
83 452
382 353
382 80
84 345
83 431
84 348
411 73
411 412
428 50
78 73
78 412
410 412
428 441
410 411
409 73
409 411
429 432
25 411
25 412
373 59
72 419
373 382
372 39
372 382
418 42
371 373
371 59
370 382
418 447
370 84
369 17
369 376
42 425
368 372
368 373
367 368
42 83
367 382
366 367
366 382
419 431
16 382
16 373
365 368
419 445
365 84
364 378
364 368
420 425
363 372
363 16
362 367
420 442
362 16
361 380
361 16
421 457
360 59
360 364
52 370
421 433
52 64
359 371
359 16
422 438
358 59
358 368
357 359
422 425
357 52
20 382
20 367
423 81
356 361
356 367
90 328
76 327
490 494
76 310
344 322
344 314
491 494
343 337
343 304
31 329
491 493
31 324
342 324
342 332
492 493
341 325
341 328
340 341
492 495
340 334
339 308
339 90
493 495
381 84
381 382
380 382
493 494
380 84
64 381
64 382
456 436
379 64
379 84
17 382
456 432
17 64
59 17
59 382
457 447
378 84
378 17
39 380
457 81
39 59
100 381
100 17
22 438
377 381
377 380
376 380
22 423
376 64
375 381
375 100
72 418
374 375
374 379
320 325
13 330
485 486
13 335
319 331
319 13
486 55
318 323
318 322
317 322
486 490
317 328
316 340
316 325
51 487
315 325
315 317
314 13
51 492
314 338
313 54
313 315
487 495
312 331
312 338
2 333
487 490
2 322
311 327
311 318
488 489
310 312
310 331
309 323
488 490
309 313
308 321
308 312
55 494
307 329
307 318
306 309
55 489
306 2
305 13
305 327
489 491
75 313
75 314
43 340
489 494
43 327
304 339
304 329
490 491
90 316
302 277
338 339
479 55
338 340
337 339
337 338
480 491
336 340
336 338
335 338
480 484
335 337
334 335
334 337
481 67
333 338
333 334
332 334
481 495
332 336
14 337
14 339
482 55
54 336
54 334
331 336
482 490
331 54
330 338
330 334
483 487
329 331
329 338
328 338
483 492
328 14
327 14
327 330
67 492
326 337
326 328
325 329
67 486
325 339
324 326
324 334
484 495
323 329
323 14
322 54
484 51
322 330
321 330
321 54
485 51
320 332
189 220
189 208
188 224
245 247
188 189
187 223
187 219
246 256
227 191
227 208
499 488
226 195
246 249
226 191
3 261
3 260
45 253
15 261
15 3
23 15
45 250
23 260
259 15
499 481
259 261
247 248
258 259
258 3
257 258
247 256
257 3
256 258
256 15
248 250
255 15
255 257
498 67
254 259
248 256
254 3
253 254
253 15
249 258
252 23
252 260
88 257
249 255
88 260
251 260
498 468
251 253
250 260
44 254
44 251
250 23
500 483
268 277
303 286
303 285
500 463
302 286
207 226
207 213
206 93
238 243
206 38
66 224
66 217
239 261
205 216
205 208
459 460
204 93
239 45
204 226
203 208
203 225
240 259
91 221
91 210
202 212
240 245
202 226
201 207
459 483
201 209
241 243
200 211
200 207
199 226
241 88
199 204
198 98
198 205
242 3
197 38
197 207
458 484
196 205
242 243
196 212
195 201
195 197
243 15
194 222
194 205
193 207
243 3
193 204
192 222
458 491
192 91
244 246
191 225
191 207
79 218
244 23
79 98
190 34
190 223
245 259
233 239
223 226
223 224
222 226
233 240
222 223
93 222
462 494
93 227
234 3
221 93
221 225
220 34
234 246
220 226
219 221
219 220
235 254
218 34
218 225
461 488
217 93
235 44
217 222
216 226
216 223
28 252
215 220
215 93
214 221
28 241
214 218
213 220
461 60
213 34
236 15
38 213
38 93
86 227
236 241
86 220
69 226
69 221
49 250
212 222
212 227
460 481
211 223
49 258
211 221
210 93
210 220
237 256
209 213
209 211
98 38
237 239
98 225
208 223
460 492
208 219
238 239
152 172
266 242
151 74
151 166
463 467
150 168
266 253
150 166
149 151
149 37
267 251
18 150
18 156
148 161
267 248
148 173
147 167
463 482
147 174
228 88
146 165
146 151
186 37
228 230
186 165
36 175
36 159
229 260
185 147
185 172
63 474
184 175
229 248
184 156
96 164
96 175
230 245
183 170
183 184
56 171
230 257
56 165
182 169
63 468
182 180
231 3
181 163
181 170
180 36
231 256
180 159
27 169
27 167
232 239
225 227
225 226
462 55
224 225
232 3
224 226
34 225
34 226
169 172
261 45
37 174
37 173
168 178
261 258
168 172
46 174
46 27
262 263
167 169
167 46
465 495
166 170
262 232
166 172
165 172
165 171
263 244
164 168
164 176
163 172
263 264
163 37
40 174
465 488
40 172
6 231
162 174
162 178
74 180
6 241
74 171
161 164
161 180
264 260
160 166
160 74
464 493
159 176
264 257
159 37
158 170
158 177
265 44
157 163
157 160
156 37
265 246
156 175
155 163
464 473
155 158
9 247
154 173
154 172
153 165
9 251
153 179
152 155
47 125
296 298
108 47
108 117
107 143
296 301
107 110
106 134
468 469
106 127
297 299
105 129
105 109
104 119
297 301
104 121
103 138
103 113
298 301
102 47
102 127
467 487
101 106
298 303
101 47
145 137
145 131
299 302
144 110
144 119
179 180
299 300
179 27
178 179
467 485
178 27
300 301
177 180
177 179
176 180
300 302
176 179
175 176
175 179
301 302
174 178
174 27
466 493
173 176
301 303
173 180
172 173
172 174
260 266
171 179
171 27
170 173
260 49
170 177
169 170
466 467
127 142
127 140
89 298
126 53
126 57
470 51
125 130
89 295
125 134
30 145
30 130
292 82
124 143
124 57
123 142
292 294
123 125
122 140
470 67
122 129
82 294
121 135
121 127
68 137
82 302
68 132
120 145
120 139
293 297
119 125
119 126
469 485
118 145
293 298
118 128
117 144
117 124
294 48
116 57
116 122
115 137
294 301
115 68
114 139
469 477
114 128
295 303
113 132
113 114
112 68
295 296
112 115
111 117
111 115
48 302
110 134
110 112
468 483
109 134
48 296
109 145
47 123
472 26
35 297
35 82
143 144
143 145
287 293
142 144
142 143
471 484
141 144
287 296
141 145
57 143
57 141
288 293
140 57
140 141
139 141
288 89
139 145
138 144
471 474
138 143
97 295
53 144
53 141
137 139
97 82
137 142
136 141
136 139
289 292
135 144
135 141
33 478
134 57
289 297
134 139
133 136
133 138
290 303
132 145
132 134
131 141
290 293
131 135
130 137
33 494
130 141
291 298
129 136
129 131
128 138
291 295
128 145
282 294
282 300
26 477
283 303
283 89
284 292
473 26
284 287
285 297
285 294
473 474
41 301
41 292
12 293
472 478
12 303
286 294
286 291
65 77
4 297
4 299
479 482
268 285
60 479
65 272
269 284
269 281
60 490
77 12
271 41
270 285
478 489
270 70
77 288
273 291
477 51
273 299
272 287
272 35
478 485
271 97
276 289
275 288
275 289
477 482
274 12
274 286
277 289
476 485
70 87
70 297
276 283
476 486
99 298
99 290
278 289
475 484
278 99
277 87
280 289
279 280
474 475
279 299
11 41
11 97
475 60
26 482
87 289
281 282
281 89
474 484
280 282
87 288
50
395 339
191 309
380 221
22 192
81 312
485 396
103 84
444 61
282 361
258 128
286 411
209 472
25 106
301 199
367 376
160 40
406 446
482 140
278 401
144 274
251 400
180 497
451 241
421 362
3 70
435 79
477 92
275 457
441 319
426 364
498 434
248 123
280 449
24 69
97 177
71 147
93 110
302 65
425 94
300 439
135 386
234 108
428 83
122 162
458 365
52 115
213 227
387 368
358 31
297 175