500 1020
242 124
241 217
163 119
441 162
440 239
375 117
156 30
115 283
57 312
282 214
280 238
213 111
23 153
480 108
107 62
390 152
476 39
418 404
417 418
417 398
444 447
416 405
416 420
99 458
444 458
99 459
77 458
77 459
445 450
457 99
457 458
456 457
445 447
456 99
455 457
455 456
446 459
29 455
29 456
454 457
446 99
454 455
453 454
453 29
447 458
452 455
452 454
51 455
447 448
51 453
451 99
451 29
448 451
450 77
450 456
449 458
448 459
449 99
32 75
32 469
498 462
498 465
497 488
497 490
496 498
496 478
325 132
409 323
315 218
85 448
394 412
393 15
393 42
19 442
392 400
392 415
60 393
19 447
60 399
391 60
391 415
63 443
10 392
10 413
390 395
63 445
390 416
7 411
7 15
48 442
39 405
39 412
16 407
48 445
16 413
389 7
389 408
440 450
388 10
388 407
387 395
440 444
387 414
386 403
386 414
441 443
24 401
24 391
385 391
441 452
385 396
421 406
421 408
442 443
2 417
2 387
420 394
442 450
420 417
419 64
419 405
443 77
98 388
98 403
418 416
443 29
411 42
433 447
411 417
410 42
410 415
434 48
409 412
409 413
408 413
434 438
408 42
407 417
407 410
435 439
406 42
406 410
87 413
435 445
87 42
405 412
405 411
436 99
404 87
404 411
403 415
436 446
403 410
402 408
402 414
437 449
15 411
15 417
401 406
437 444
401 415
400 42
400 414
438 447
399 407
399 415
62 42
438 451
62 410
64 406
64 402
439 450
398 412
398 411
397 414
439 63
397 403
396 42
396 397
85 442
395 399
395 64
394 407
357 366
428 434
357 365
356 371
356 14
73 446
355 383
355 360
37 86
73 444
37 361
354 383
354 380
429 51
353 356
353 14
352 357
429 436
352 354
351 14
351 37
430 459
350 364
350 351
25 367
430 447
25 382
349 350
349 357
431 442
348 368
348 367
347 352
431 438
347 380
346 37
346 40
432 456
384 37
384 351
383 346
432 435
383 349
415 417
415 416
27 451
414 417
414 416
42 416
27 442
42 415
413 417
413 415
433 436
412 415
412 416
52 378
82 425
52 384
372 40
372 384
423 424
371 52
371 378
370 384
423 449
370 383
86 379
86 374
424 429
14 372
14 52
369 14
424 432
369 384
57 369
57 384
425 435
368 384
368 52
367 14
425 447
367 383
366 377
366 14
17 429
365 372
365 368
364 369
17 443
364 368
66 381
66 368
426 459
363 378
363 366
362 370
426 437
362 70
361 371
361 368
427 48
360 378
360 14
359 361
427 429
359 362
358 384
358 369
428 454
22 66
22 369
97 331
345 47
493 496
345 314
344 326
344 319
494 496
343 69
343 83
342 332
494 495
342 328
18 328
18 26
67 495
28 329
28 331
341 28
67 497
341 337
340 313
340 97
495 497
382 383
382 384
381 384
495 496
381 383
70 382
70 384
458 85
380 70
380 383
379 384
458 436
379 70
378 379
378 384
459 449
377 383
377 379
40 381
459 454
40 378
376 382
376 379
422 48
375 382
375 381
374 381
422 428
374 70
373 382
373 376
82 423
30 373
30 380
325 329
324 333
486 487
324 338
323 334
323 324
487 491
322 327
322 326
321 326
487 493
321 331
55 341
55 329
488 489
320 329
320 321
319 324
488 67
319 339
318 335
318 320
489 497
317 334
317 339
316 46
489 493
316 326
315 47
315 322
490 492
314 317
314 334
41 327
490 493
41 318
313 58
313 317
491 496
312 332
312 322
311 41
491 492
311 316
310 324
310 47
492 494
50 318
50 319
309 341
492 496
309 47
83 340
83 332
493 494
97 55
307 76
339 340
479 491
339 341
69 340
69 339
480 494
13 341
13 339
338 339
480 485
338 69
337 338
337 69
481 484
46 339
46 337
26 337
481 497
26 13
336 69
336 340
482 491
335 13
335 337
334 13
482 493
334 335
333 339
333 337
483 489
332 334
332 339
331 339
483 67
331 336
47 336
47 333
484 67
330 69
330 331
329 332
484 487
329 340
328 330
328 337
485 497
327 332
327 336
326 335
485 488
326 333
58 333
58 335
486 488
325 26
191 223
191 95
71 227
247 88
71 191
190 226
190 222
248 257
230 194
230 95
500 490
229 198
248 251
229 194
260 262
260 261
249 255
80 262
80 260
72 80
249 252
72 261
259 80
500 481
259 262
88 250
258 259
258 260
65 258
88 257
65 260
257 258
257 80
250 252
31 80
31 65
499 484
256 259
250 257
256 260
255 256
255 80
251 258
254 72
254 261
53 65
251 31
53 261
78 261
499 44
78 255
252 261
253 256
253 78
252 72
75 483
267 76
308 291
308 289
75 465
307 291
209 229
209 216
23 6
242 20
23 215
61 227
61 220
243 262
208 219
208 95
461 462
207 6
243 249
207 229
206 95
206 228
79 259
205 224
205 211
204 43
79 247
204 229
203 209
461 483
203 210
244 20
202 212
202 209
201 229
244 53
201 207
200 45
200 208
245 260
12 215
12 209
460 485
199 208
245 20
199 43
198 203
198 12
20 80
197 225
197 208
196 209
20 260
196 207
195 225
460 494
195 205
246 248
194 228
194 209
193 221
246 72
193 45
192 49
192 226
247 259
236 243
226 229
226 227
225 229
236 79
225 226
6 225
21 496
6 230
36 260
224 6
224 228
223 49
36 248
223 229
222 224
222 223
237 256
221 49
221 228
463 490
220 6
237 253
220 225
219 229
219 226
238 254
218 223
218 6
217 224
238 244
217 221
216 223
463 478
216 49
239 80
215 216
215 6
214 230
239 244
214 223
213 229
213 224
240 252
43 225
43 230
462 481
212 226
240 258
212 224
211 6
211 223
241 257
210 216
210 212
45 215
241 243
45 228
95 226
462 67
95 222
242 243
151 175
265 245
150 161
150 167
465 35
56 170
265 255
56 167
149 150
149 171
266 78
148 56
148 155
147 160
266 250
147 176
4 168
465 482
4 177
231 53
146 166
146 150
189 171
231 233
189 166
100 178
100 158
232 261
33 4
33 175
464 474
5 178
232 250
5 155
188 165
188 178
233 247
187 173
187 5
186 174
233 65
186 166
185 172
464 44
185 183
234 260
184 164
184 173
183 100
234 257
183 158
182 172
182 168
235 243
228 230
228 229
21 491
227 228
235 260
227 229
49 228
49 229
172 175
262 249
171 177
171 176
170 180
262 258
170 175
169 177
169 182
91 59
168 172
168 169
467 497
167 173
91 235
167 175
166 175
166 174
59 246
165 170
165 179
164 175
59 263
164 171
163 177
467 490
163 175
84 234
162 177
162 180
161 183
84 244
161 174
160 165
160 183
263 261
159 167
159 161
466 495
158 179
263 65
158 171
157 173
157 11
264 253
156 164
156 159
155 171
264 248
155 178
154 164
466 473
154 157
81 88
153 176
153 175
152 166
81 78
152 181
151 154
109 125
304 93
108 109
108 116
107 143
304 306
107 110
106 133
44 469
106 126
54 305
105 128
105 94
104 118
54 306
104 90
103 137
103 1
93 306
102 109
102 126
35 489
101 106
93 308
101 109
145 136
145 130
305 307
144 110
144 118
181 183
305 38
181 182
180 181
35 486
180 182
38 306
11 183
11 181
179 183
38 307
179 181
178 179
178 181
306 307
177 180
177 182
468 495
176 179
306 308
176 183
175 176
175 177
261 265
174 181
174 182
173 176
261 240
173 11
172 173
468 35
126 142
126 139
298 93
34 8
34 140
9 488
125 129
298 302
125 133
124 145
124 129
299 300
123 143
123 140
122 142
299 301
122 125
121 139
9 484
121 128
300 301
90 134
90 126
120 136
300 307
120 131
119 145
119 138
92 54
118 125
118 34
469 486
117 145
92 93
117 127
116 144
116 123
301 303
115 140
115 121
114 136
301 306
114 120
113 138
469 477
113 127
302 308
1 131
1 113
112 120
302 304
112 114
111 116
111 114
303 307
110 133
110 112
44 483
94 133
303 304
94 145
109 122
472 74
89 54
89 300
143 144
143 145
292 92
142 144
142 143
471 485
141 144
292 304
141 145
140 143
140 141
293 92
139 140
139 141
138 141
293 298
138 145
137 144
471 474
137 143
294 302
8 144
8 141
136 138
294 300
136 142
135 141
135 138
295 299
134 144
134 141
470 3
133 140
295 54
133 138
132 135
132 137
296 308
131 145
131 133
130 141
296 92
130 134
129 136
470 496
129 141
297 93
128 135
128 130
127 137
297 302
127 145
287 301
287 38
74 477
68 308
68 298
288 299
473 74
288 292
289 54
289 301
473 474
290 306
290 299
96 92
472 3
96 308
291 301
291 297
269 271
268 54
268 305
479 482
267 289
478 479
269 274
270 288
270 285
478 493
271 96
273 290
272 289
3 492
272 279
271 293
275 297
477 488
275 305
274 292
274 89
3 486
273 294
278 295
277 293
277 295
477 482
276 96
276 291
76 295
476 486
279 286
279 54
278 68
476 487
281 93
281 296
280 295
475 485
280 281
76 286
284 295
283 284
474 475
283 305
282 290
282 294
475 478
74 482
286 295
285 287
285 298
474 485
284 287
286 293
50
2 314
387 201
86 461
206 408
247 46
129 352
380 12
278 52
479 248
419 267
204 331
49 28
391 351
401 283
403 179
339 71
126 109
153 234
460 141
433 123
406 69
96 210
39 138
32 137
450 340
62 281
195 424
114 61
312 231
166 85
157 207
343 47
154 497
23 89
466 341
100 381
289 93
279 97
220 226
451 90
454 383
105 34
169 81
295 98
378 333
213 94
128 139
146 303
311 274
473 77