500 1020
232 123
231 208
160 118
441 88
440 229
369 116
155 367
114 276
362 305
77 205
274 228
15 109
201 152
480 106
105 395
384 151
475 54
39 401
91 39
91 393
442 445
414 402
414 416
83 458
442 458
83 459
457 458
457 459
443 448
456 83
456 458
455 456
443 445
455 83
454 456
454 455
444 459
453 454
453 455
452 456
444 83
452 454
32 452
32 453
445 458
451 454
451 452
450 454
445 446
450 32
449 83
449 453
446 449
448 457
448 455
447 458
446 459
447 83
497 500
497 56
496 72
496 465
495 10
495 488
73 496
73 478
319 130
407 318
309 209
436 446
389 78
388 65
388 411
437 13
387 397
387 413
386 388
437 445
386 396
46 386
46 413
438 79
385 387
385 410
384 390
438 443
384 414
383 409
383 65
439 13
54 402
54 78
382 405
439 443
382 410
381 383
381 406
440 448
380 385
380 405
379 390
440 442
379 412
60 400
60 412
441 79
71 398
71 46
378 46
441 451
378 391
418 404
418 406
13 79
417 91
417 379
416 389
13 448
416 91
26 394
26 402
79 457
415 380
415 400
39 414
79 453
409 411
432 445
409 91
408 411
408 413
433 439
407 78
407 410
406 410
433 435
406 411
405 91
405 408
93 61
404 411
404 408
403 410
93 443
403 411
402 78
402 409
434 83
401 403
401 409
400 413
434 444
400 408
399 406
399 412
75 447
65 409
65 91
398 404
75 442
398 413
397 411
397 412
435 445
396 405
396 413
395 411
435 449
395 408
394 404
394 399
61 448
393 78
393 409
392 412
61 438
392 400
391 411
391 392
436 13
390 396
390 394
389 405
351 360
426 433
351 2
350 365
350 82
427 444
349 376
349 355
57 363
427 442
57 14
348 376
348 374
428 450
11 350
11 82
347 351
428 434
347 348
346 82
346 57
429 459
345 359
345 346
344 4
429 445
344 43
343 345
343 351
430 13
17 361
17 4
342 347
430 435
342 374
341 57
341 371
431 455
377 57
377 346
376 341
431 93
376 343
413 91
413 414
42 449
412 91
412 414
411 414
42 13
411 413
410 91
410 413
432 434
78 413
78 414
38 19
420 422
38 377
366 371
366 377
58 421
365 38
365 19
364 377
58 447
364 376
363 373
363 49
421 428
82 366
82 38
22 82
421 431
22 377
362 22
362 377
422 93
361 377
361 38
4 82
422 445
4 376
360 372
360 82
423 428
2 366
2 361
359 22
423 79
359 361
358 74
358 361
424 459
357 19
357 360
356 364
424 75
356 375
14 365
14 361
425 439
355 19
355 82
354 14
425 428
354 356
353 377
353 22
426 452
352 358
352 22
340 325
339 324
491 73
339 308
338 321
338 313
492 73
337 333
337 84
336 326
492 494
336 85
335 85
335 329
493 494
334 323
334 325
29 334
493 495
29 331
37 306
37 340
494 495
43 376
43 377
74 377
494 73
74 376
375 43
375 377
458 436
374 375
374 376
373 377
458 434
373 375
19 373
19 377
459 447
372 376
372 373
371 74
459 452
371 19
370 43
370 373
419 439
369 43
369 74
49 74
419 426
49 375
368 43
368 370
420 58
367 368
367 374
319 323
40 327
486 68
40 8
318 25
318 40
68 489
317 322
317 321
316 321
68 491
316 325
315 29
315 323
10 487
314 323
314 316
313 40
10 493
313 34
312 328
312 314
487 495
311 25
311 34
310 330
487 491
310 321
309 324
309 317
488 490
308 311
308 25
307 322
488 491
307 312
306 320
306 311
489 73
305 326
305 317
304 307
489 490
304 310
303 40
303 324
490 492
59 312
59 313
302 29
490 73
302 324
84 37
84 326
491 492
340 315
300 273
34 37
479 489
34 29
333 37
333 34
480 492
332 29
332 34
8 34
480 485
8 333
331 8
331 333
481 484
330 34
330 331
329 331
481 495
329 332
21 333
21 37
482 489
328 332
328 331
25 332
482 491
25 328
327 34
327 331
483 487
326 25
326 34
325 34
483 493
325 21
324 21
324 327
484 493
51 333
51 325
323 326
484 68
323 37
85 51
85 331
485 495
322 326
322 21
321 328
485 10
321 327
320 327
320 328
486 10
319 329
48 214
48 53
183 219
237 239
183 48
182 52
182 213
64 247
222 186
222 53
499 488
221 190
64 6
221 186
252 254
252 253
238 244
55 254
55 252
251 55
238 241
251 253
250 55
499 481
250 254
239 240
249 250
249 252
248 249
239 247
248 252
247 249
247 55
240 241
246 55
246 248
498 484
245 250
240 247
245 252
244 245
244 55
6 249
24 251
24 253
243 248
6 246
243 253
242 253
498 469
242 244
241 253
47 245
47 242
241 251
500 483
263 273
301 285
301 282
500 465
300 285
96 221
96 207
201 216
232 5
201 206
200 219
200 211
233 254
199 210
199 53
461 72
62 216
233 238
62 221
198 53
198 220
234 250
197 215
197 202
196 204
234 237
196 221
195 96
461 483
195 86
7 5
23 203
23 96
194 221
7 243
194 62
193 9
193 199
235 252
192 206
192 96
460 485
191 199
235 5
191 204
190 195
190 192
5 55
189 217
189 199
188 96
5 252
188 62
187 217
460 492
187 197
236 64
186 220
186 96
185 212
236 251
185 9
184 218
184 52
237 250
226 233
52 221
52 219
217 221
226 234
217 52
216 217
463 73
216 222
227 252
215 216
215 220
214 218
227 64
214 221
213 215
213 214
98 245
212 218
212 220
462 488
211 216
98 47
211 217
210 221
210 52
228 24
209 214
209 216
208 215
228 7
208 212
207 214
462 478
207 218
229 55
206 207
206 216
205 222
229 7
205 214
15 221
15 215
230 241
204 217
204 222
72 481
203 52
230 249
203 215
202 216
202 214
231 247
86 207
86 203
9 206
231 233
9 220
53 52
72 493
53 213
232 233
150 169
261 235
149 159
149 163
465 468
148 3
261 244
148 163
147 149
147 166
262 242
146 148
146 154
145 158
262 240
145 170
144 164
465 482
144 171
223 243
143 162
143 149
12 166
223 224
12 162
181 27
181 157
70 253
95 144
95 169
464 100
180 27
70 240
180 154
179 161
179 27
224 237
1 167
1 180
45 168
224 248
45 162
178 90
464 469
178 63
94 252
177 99
177 167
63 181
94 247
63 157
176 90
176 164
225 233
220 222
220 221
463 489
219 220
225 252
219 221
218 220
218 221
90 169
254 238
166 171
166 170
3 174
254 249
3 169
165 171
165 176
255 256
164 90
164 165
69 495
163 167
255 225
163 169
162 169
162 168
256 236
161 3
161 172
99 169
256 258
99 166
160 171
69 488
160 169
257 94
88 171
88 174
159 63
257 7
159 168
158 161
158 63
258 253
81 163
81 159
466 494
157 172
258 248
157 166
156 167
156 173
259 47
155 99
155 81
154 166
259 64
154 27
153 99
466 472
153 156
260 239
152 170
152 169
151 162
260 242
151 175
150 153
107 124
295 297
106 107
106 115
105 140
295 299
105 80
104 131
469 56
104 126
296 298
89 128
89 108
20 117
296 299
20 120
103 135
103 111
297 299
102 107
102 126
468 487
101 104
297 301
101 107
142 134
142 16
298 300
141 80
141 117
175 63
298 36
175 176
174 175
468 486
174 176
36 299
173 63
173 175
172 63
36 300
172 175
27 172
27 175
299 300
171 174
171 176
467 494
170 172
299 301
170 63
169 170
169 171
253 261
168 175
168 176
167 170
253 230
167 173
90 167
467 468
126 139
126 137
291 297
125 33
125 138
67 10
124 50
291 87
124 131
123 142
123 50
292 293
122 140
122 138
121 139
292 294
121 124
76 137
67 484
76 128
293 294
120 132
120 126
119 134
293 300
119 129
118 142
118 136
18 296
117 124
117 125
56 486
116 142
18 297
116 127
115 141
115 122
294 28
114 138
114 76
113 134
294 299
113 119
112 136
56 476
112 127
87 301
111 129
111 112
110 119
87 295
110 113
109 115
109 113
28 300
80 131
80 110
469 483
108 131
28 295
108 142
107 121
471 473
286 296
286 293
140 141
140 142
41 18
139 141
139 140
30 485
66 141
41 295
66 142
138 140
138 66
287 18
137 138
137 66
136 66
287 291
136 142
135 141
30 100
135 140
35 87
33 141
33 66
134 136
35 293
134 139
133 66
133 136
288 292
132 141
132 66
470 477
131 138
288 296
131 136
130 133
130 135
289 301
129 142
129 131
16 66
289 18
16 132
50 134
470 73
50 66
290 297
128 133
128 16
127 135
290 87
127 142
44 294
44 36
473 476
280 301
280 291
281 292
472 473
281 41
282 296
282 294
472 100
283 299
283 292
284 18
471 477
284 301
285 294
285 290
265 267
264 296
264 298
479 482
263 282
478 479
265 268
266 281
266 278
478 491
267 284
92 283
97 282
477 490
97 272
267 287
31 290
476 10
31 298
268 41
268 286
477 486
92 35
271 288
270 287
270 288
476 482
269 284
269 285
273 288
475 486
272 279
272 296
271 280
475 68
275 297
275 289
274 288
474 485
274 275
273 279
277 288
276 277
100 474
276 298
77 283
77 35
474 478
473 482
279 288
278 44
278 291
100 485
277 44
279 287
50
353 153
319 425
328 50
58 441
405 168
487 36
44 314
190 379
449 11
459 182
213 143
494 189
180 70
34 414
496 495
398 259
346 454
269 233
439 83
393 104
133 362
223 426
178 174
307 255
77 163
480 448
130 464
117 181
261 128
25 170
375 94
349 72
15 86
289 192
387 458
92 342
149 382
499 389
491 171
292 100
479 308
457 88
61 7
440 21
232 279
376 301
263 472
37 470
198 404
365 59