625 1200
435 472
256 84
469 622
622 116
116 623
623 10
10 170
170 78
78 405
405 122
122 624
624 217
217 160
160 131
131 329
329 13
13 129
129 233
233 449
449 465
472 84
465 419
419 22
22 625
96 472
625 96
616 116
617 422
617 623
422 618
422 10
618 324
618 170
324 215
324 78
215 424
215 405
424 93
424 122
93 478
93 624
478 344
478 217
344 87
344 160
87 619
87 131
619 311
619 329
311 237
311 13
237 46
237 129
46 289
46 233
289 85
289 449
85 458
85 465
458 620
458 419
620 621
620 22
621 267
621 625
267 435
267 96
435 256
610 618
473 443
473 324
443 224
443 215
224 18
224 424
18 291
18 93
291 611
291 478
611 99
611 344
99 117
99 87
117 612
117 619
612 409
612 311
409 390
409 237
390 1
390 46
1 139
1 289
139 613
139 85
613 54
613 458
54 260
54 620
260 614
260 621
614 615
614 267
615 30
615 435
30 256
168 174
168 469
174 616
174 622
616 617
337 604
337 18
604 179
604 291
179 348
179 611
348 445
348 99
445 499
445 117
499 208
499 612
208 605
208 409
605 367
605 390
367 428
367 1
428 606
428 139
606 607
606 613
607 460
607 54
460 171
460 260
171 470
171 614
470 38
470 615
38 30
450 94
450 168
94 608
94 174
608 609
608 616
609 60
609 617
60 610
60 422
610 473
173 348
599 249
599 445
249 379
249 499
379 346
379 208
346 463
346 605
463 600
463 367
600 105
600 428
105 26
105 606
26 86
26 607
86 432
86 460
432 295
432 171
295 464
295 470
464 38
601 602
601 450
602 360
602 94
360 603
360 608
603 144
603 609
144 287
144 60
287 383
287 610
383 309
383 473
309 124
309 443
124 337
124 224
285 379
444 593
444 346
593 594
593 463
594 345
594 600
345 320
345 105
320 595
320 26
595 442
595 86
442 75
442 432
75 276
75 295
276 464
596 597
596 601
597 41
597 602
41 125
41 360
125 462
125 603
462 34
462 144
34 66
34 287
66 221
66 383
221 35
221 309
35 598
35 124
598 226
598 337
226 293
226 604
293 173
293 179
173 599
372 76
372 345
76 586
76 320
586 88
586 595
88 307
88 442
307 245
307 75
245 276
298 133
298 596
133 587
133 597
587 101
587 41
101 150
101 125
150 92
150 462
92 466
92 34
466 395
466 66
395 588
395 221
588 589
588 35
589 374
589 598
374 590
374 226
590 591
590 293
591 138
591 173
138 592
138 599
592 285
592 249
285 444
581 88
406 97
406 307
97 245
288 408
288 298
408 253
408 133
253 163
253 587
163 468
163 101
468 278
468 150
278 294
278 92
294 310
294 466
310 336
310 395
336 243
336 588
243 257
243 589
257 402
257 374
402 582
402 590
582 296
582 591
296 583
296 138
583 275
583 592
275 584
275 285
584 585
584 444
585 198
585 593
198 372
198 594
11 492
561 376
11 317
492 459
492 250
561 365
459 154
459 562
154 193
45 461
154 563
193 378
193 262
45 561
378 159
378 438
159 19
560 36
159 319
19 130
19 37
560 45
130 166
130 564
166 51
338 568
494 297
494 323
297 127
338 560
297 565
127 272
127 566
176 447
272 258
272 567
258 185
176 338
258 391
185 397
185 471
397 497
397 176
251 141
251 585
141 580
141 198
580 118
580 372
118 157
118 76
157 581
157 586
581 406
5 154
563 225
396 553
396 193
553 149
563 262
553 378
149 554
149 159
562 416
554 328
554 19
328 555
562 563
328 130
555 166
126 556
250 349
126 494
556 484
556 297
250 562
484 557
484 127
557 27
317 569
557 272
27 140
27 258
317 250
140 196
140 185
196 558
194 205
196 397
558 482
558 176
194 317
482 559
482 338
559 106
479 190
559 560
106 135
106 45
479 194
135 399
135 561
399 178
365 155
399 365
178 385
178 479
365 479
385 11
385 194
456 440
565 566
456 554
440 551
440 328
323 570
551 555
2 264
2 126
323 565
264 109
264 556
109 496
51 400
109 484
496 322
496 557
564 489
322 77
322 27
77 201
564 51
77 140
201 222
201 196
37 183
222 369
222 558
369 436
37 564
369 482
436 303
436 559
319 169
303 331
303 106
331 552
319 37
331 135
552 53
552 399
438 283
53 12
53 178
12 312
438 319
12 385
312 380
312 11
262 384
380 411
380 492
411 5
262 438
411 459
5 396
259 2
393 547
568 36
393 264
547 421
547 109
447 67
421 61
421 496
61 71
447 568
61 322
71 62
71 77
497 363
62 548
62 201
548 358
497 447
548 222
358 263
358 369
471 571
263 100
263 436
100 110
471 497
100 303
110 134
110 331
391 33
134 82
134 552
82 182
391 471
82 53
182 192
182 12
567 343
192 549
192 312
549 362
567 391
549 380
362 342
362 411
566 388
342 407
342 5
407 487
566 567
407 396
487 550
487 553
565 441
550 456
550 149
544 248
544 61
569 349
248 545
248 71
545 304
205 573
545 62
304 347
304 548
205 569
347 246
347 358
246 546
190 301
246 263
546 121
546 100
190 205
121 148
121 110
148 313
155 495
148 134
313 16
313 82
155 190
16 371
16 182
371 500
376 572
371 192
500 204
500 549
376 155
204 373
204 362
373 413
461 437
373 342
413 410
413 407
461 376
410 145
410 487
145 44
36 425
145 550
44 455
44 456
36 461
455 231
455 440
231 551
568 136
259 393
418 304
3 137
183 489
3 347
137 191
137 246
169 575
191 80
191 546
80 414
169 183
80 121
414 433
414 148
283 40
433 426
433 313
426 180
283 169
426 16
180 387
180 371
384 321
387 73
387 500
73 541
384 283
73 204
541 232
541 373
225 265
232 188
232 413
188 542
225 384
188 410
542 543
542 145
416 209
543 420
543 44
420 98
416 225
420 455
98 231
111 239
349 223
111 259
239 480
239 393
349 416
480 392
480 547
392 544
569 574
392 421
6 191
107 58
107 80
33 578
58 350
58 414
350 281
33 571
350 433
281 359
281 426
343 375
359 123
359 180
123 113
343 33
123 387
113 8
113 73
388 467
8 305
8 541
305 538
388 343
305 232
538 333
538 188
441 202
333 539
333 542
539 493
441 388
539 543
493 210
493 420
570 577
210 98
540 381
540 111
570 441
381 268
381 239
268 481
400 244
268 480
481 370
481 392
489 576
370 47
370 544
47 65
489 400
47 248
65 418
65 545
183 228
418 3
533 143
533 281
143 64
572 318
143 359
64 112
64 123
572 495
112 534
112 113
534 236
437 162
534 8
236 153
236 305
437 572
153 203
153 538
203 452
425 128
203 333
452 535
452 539
425 437
535 355
535 493
355 210
136 579
536 255
536 540
255 361
136 425
255 381
361 431
361 268
67 79
431 274
431 481
274 70
67 136
274 370
70 475
70 47
363 284
475 306
475 65
306 537
363 67
306 418
537 316
537 3
571 218
316 6
316 137
6 107
571 363
327 235
90 270
279 457
279 417
334 583
457 364
90 519
457 219
364 114
364 90
219 266
114 72
114 519
72 448
219 90
72 299
448 199
189 57
448 14
417 357
199 164
199 161
164 386
417 219
164 211
386 269
386 254
235 52
269 474
269 434
189 275
474 15
235 417
474 181
15 486
15 261
234 21
486 158
486 491
158 423
234 235
158 241
423 242
57 251
423 7
104 91
242 415
242 214
415 516
104 234
415 89
516 454
516 389
488 520
454 517
454 330
57 584
517 518
488 104
517 115
518 339
498 364
206 271
308 490
434 24
308 114
490 280
490 72
434 181
280 49
280 448
49 513
254 177
49 199
513 69
206 582
513 164
254 434
69 175
69 386
175 68
211 186
175 269
68 167
68 474
211 254
167 142
167 15
271 334
142 55
161 332
142 486
55 353
55 158
161 211
353 514
353 423
514 286
14 521
514 242
286 195
271 296
286 415
14 161
195 240
195 516
240 302
299 151
240 454
302 515
302 517
299 14
515 518
382 20
334 189
382 488
519 103
20 315
20 104
315 327
519 299
315 234
327 279
83 147
83 49
89 522
147 247
147 513
247 506
89 389
247 69
506 427
162 318
506 175
214 340
427 507
427 68
507 477
214 89
507 167
477 39
477 142
7 165
39 351
39 55
162 257
351 453
7 214
351 353
453 238
453 514
241 81
238 508
238 286
508 230
241 7
508 195
230 17
318 206
230 240
491 119
17 509
17 302
509 515
491 241
187 510
187 382
510 292
261 172
510 20
292 511
318 402
292 315
261 491
511 213
511 327
213 512
181 377
213 279
512 498
512 457
181 261
498 308
108 506
282 403
52 357
282 427
403 56
79 310
403 507
21 523
56 398
56 477
398 28
21 52
398 39
28 212
28 351
91 197
212 102
212 453
579 128
102 446
91 21
102 238
446 352
446 508
520 341
352 501
352 230
501 502
520 91
501 17
502 509
579 336
439 503
339 368
439 187
503 95
503 510
115 273
95 504
95 292
504 394
115 339
504 511
394 59
128 162
394 213
330 290
59 505
59 512
505 216
330 115
505 498
216 200
216 308
389 32
200 429
200 490
128 243
429 83
389 330
429 280
218 284
332 186
521 314
521 332
218 278
151 4
151 521
48 326
48 439
103 485
326 43
326 503
284 79
43 335
103 151
43 95
335 229
335 504
270 300
229 9
229 394
9 29
270 103
9 59
29 220
284 294
29 505
266 325
220 42
220 216
42 277
266 270
42 200
277 483
277 429
357 120
483 50
483 83
79 579
50 132
357 266
50 147
132 108
132 247
52 207
108 282
81 165
119 31
375 578
119 81
172 526
172 119
375 163
377 23
377 172
24 525
578 218
24 377
177 524
177 24
578 468
186 404
186 177
332 146
341 197
368 529
577 288
273 25
273 368
290 63
202 467
290 273
32 74
32 290
202 408
522 227
522 32
340 528
467 375
340 522
165 527
165 340
467 253
81 156
485 4
228 581
300 356
300 485
325 531
576 244
325 300
120 401
120 325
576 406
207 530
207 120
523 412
244 97
523 207
197 354
197 523
577 202
341 476
23 526
525 451
525 23
40 118
524 366
524 525
404 184
575 228
404 524
146 252
146 404
575 157
314 430
314 146
4 152
228 576
4 314
485 532
74 63
227 153
265 321
227 74
528 236
528 227
265 141
527 534
527 528
156 112
321 40
156 527
31 64
31 156
321 580
526 143
526 31
23 533
40 575
366 451
495 206
366 58
451 533
451 350
495 301
184 107
430 252
301 271
430 316
252 184
252 6
301 573
184 366
356 475
532 152
532 306
573 574
152 430
152 537
401 531
401 274
574 223
531 356
531 70
356 532
573 334
223 209
412 530
412 361
530 401
574 189
530 431
529 355
476 354
223 57
476 536
354 412
354 255
74 203
209 251
63 25
63 452
25 529
209 265
25 535
250
1 251
2 252
3 253
4 254
5 255
6 256
7 257
8 258
9 259
10 260
11 261
12 262
13 263
14 264
15 265
16 266
17 267
18 268
19 269
20 270
21 271
22 272
23 273
24 274
25 275
26 276
27 277
28 278
29 279
30 280
31 281
32 282
33 283
34 284
35 285
36 286
37 287
38 288
39 289
40 290
41 291
42 292
43 293
44 294
45 295
46 296
47 297
48 298
49 299
50 300
51 301
52 302
53 303
54 304
55 305
56 306
57 307
58 308
59 309
60 310
61 311
62 312
63 313
64 314
65 315
66 316
67 317
68 318
69 319
70 320
71 321
72 322
73 323
74 324
75 325
76 326
77 327
78 328
79 329
80 330
81 331
82 332
83 333
84 334
85 335
86 336
87 337
88 338
89 339
90 340
91 341
92 342
93 343
94 344
95 345
96 346
97 347
98 348
99 349
100 350
101 351
102 352
103 353
104 354
105 355
106 356
107 357
108 358
109 359
110 360
111 361
112 362
113 363
114 364
115 365
116 366
117 367
118 368
119 369
120 370
121 371
122 372
123 373
124 374
125 375
126 376
127 377
128 378
129 379
130 380
131 381
132 382
133 383
134 384
135 385
136 386
137 387
138 388
139 389
140 390
141 391
142 392
143 393
144 394
145 395
146 396
147 397
148 398
149 399
150 400
151 401
152 402
153 403
154 404
155 405
156 406
157 407
158 408
159 409
160 410
161 411
162 412
163 413
164 414
165 415
166 416
167 417
168 418
169 419
170 420
171 421
172 422
173 423
174 424
175 425
176 426
177 427
178 428
179 429
180 430
181 431
182 432
183 433
184 434
185 435
186 436
187 437
188 438
189 439
190 440
191 441
192 442
193 443
194 444
195 445
196 446
197 447
198 448
199 449
200 450
201 451
202 452
203 453
204 454
205 455
206 456
207 457
208 458
209 459
210 460
211 461
212 462
213 463
214 464
215 465
216 466
217 467
218 468
219 469
220 470
221 471
222 472
223 473
224 474
225 475
226 476
227 477
228 478
229 479
230 480
231 481
232 482
233 483
234 484
235 485
236 486
237 487
238 488
239 489
240 490
241 491
242 492
243 493
244 494
245 495
246 496
247 497
248 498
249 499
250 500