625 1200
175 202
306 474
239 95
95 320
320 3
3 39
39 245
245 343
343 309
309 84
84 336
336 624
624 433
433 78
78 71
71 302
302 447
447 11
11 454
454 625
202 474
625 293
293 6
6 411
143 202
411 143
185 320
42 161
42 3
161 491
161 39
491 620
491 245
620 297
620 343
297 621
297 309
621 46
621 84
46 476
46 336
476 461
476 624
461 622
461 433
622 201
622 78
201 287
201 71
287 153
287 302
153 106
153 447
106 59
106 11
59 101
59 454
101 274
101 625
274 623
274 293
623 80
623 6
80 128
80 411
128 175
128 143
175 306
45 491
616 497
616 620
497 617
497 297
617 383
617 621
383 280
383 46
280 276
280 476
276 85
276 461
85 315
85 622
315 463
315 201
463 618
463 287
618 489
618 153
489 197
489 106
197 224
197 59
224 15
224 101
15 436
15 274
436 619
436 623
619 437
619 80
437 138
437 128
138 414
138 175
414 306
4 119
4 239
119 185
119 95
185 42
21 353
21 383
353 240
353 280
240 319
240 276
319 327
319 85
327 58
327 315
58 493
58 463
493 317
493 618
317 123
317 489
123 311
123 197
311 194
311 224
194 614
194 15
614 25
614 436
25 405
25 619
405 278
405 437
278 438
278 138
438 414
192 87
192 4
87 93
87 119
93 203
93 185
203 615
203 42
615 45
615 161
45 616
608 319
382 609
382 327
609 331
609 58
331 247
331 493
247 146
247 317
146 610
146 123
610 156
610 311
156 342
156 194
342 348
342 614
348 469
348 25
469 126
469 405
126 611
126 278
611 438
263 70
263 192
70 612
70 87
612 613
612 93
613 19
613 203
19 243
19 615
243 351
243 45
351 163
351 616
163 254
163 497
254 21
254 617
260 331
82 30
82 247
30 603
30 146
603 291
603 610
291 279
291 156
279 38
279 342
38 31
38 348
31 333
31 469
333 103
333 126
103 611
338 307
338 263
307 312
307 70
312 134
312 612
134 604
134 613
604 605
604 19
605 412
605 243
412 37
412 351
37 606
37 163
606 44
606 254
44 607
44 21
607 89
607 353
89 608
89 240
608 382
360 595
360 291
595 596
595 279
596 495
596 38
495 51
495 31
51 160
51 333
160 103
398 597
398 338
597 375
597 307
375 490
375 312
490 598
490 134
598 599
598 604
599 329
599 605
329 600
329 412
600 2
600 37
2 107
2 606
107 269
107 44
269 601
269 607
601 602
601 89
602 435
602 608
435 227
435 382
227 260
227 609
260 82
591 495
401 182
401 51
182 160
400 487
400 398
487 36
487 597
36 439
36 375
439 397
439 490
397 48
397 598
48 195
48 599
195 592
195 329
592 164
592 600
164 344
164 2
344 593
344 107
593 393
593 269
393 120
393 601
120 594
120 602
594 26
594 435
26 310
26 227
310 301
310 260
301 113
301 82
113 432
113 30
432 360
432 603
215 440
420 116
215 165
440 391
440 155
420 171
391 465
391 98
465 323
573 578
465 166
323 53
323 459
573 420
53 121
53 418
121 426
52 81
121 574
426 571
426 575
52 573
571 392
571 22
392 449
127 100
168 422
168 576
422 572
127 52
422 577
572 467
572 40
407 466
467 266
467 67
266 237
407 127
266 207
237 456
237 210
456 415
456 407
588 589
588 113
589 55
589 432
55 590
55 360
590 232
590 595
232 591
232 596
591 401
386 465
166 352
142 314
142 323
314 199
166 459
314 53
199 283
199 121
98 118
283 446
283 426
446 139
98 166
446 571
139 392
566 421
155 335
566 168
421 242
421 422
155 98
242 191
242 572
191 567
165 478
191 467
567 304
567 266
165 155
304 65
304 237
65 218
273 579
65 456
218 249
218 407
273 165
249 568
249 127
568 147
83 88
568 52
147 395
147 573
83 273
395 569
395 420
569 570
171 241
569 171
570 204
570 83
171 83
204 215
204 273
61 326
577 40
61 283
326 408
326 446
576 482
408 139
562 176
562 566
576 577
176 54
176 421
54 453
449 581
54 242
453 563
453 191
22 580
563 198
563 567
198 56
22 449
198 304
56 178
56 65
575 73
178 167
178 218
167 43
575 22
167 249
43 564
43 568
574 355
564 196
564 147
196 214
574 575
196 395
214 92
214 569
418 57
92 499
92 570
499 477
418 574
499 204
477 565
477 215
459 370
565 94
565 440
94 386
459 418
94 391
386 142
462 562
498 557
100 81
498 176
557 231
557 54
466 64
231 316
231 453
316 181
466 100
316 563
181 341
181 198
415 170
341 558
341 56
558 117
415 466
558 178
117 384
117 167
210 49
384 130
384 43
130 27
210 415
130 564
27 162
27 196
207 221
162 452
162 214
452 172
207 210
452 92
172 244
172 499
67 481
244 559
244 477
559 560
67 207
559 565
560 451
560 94
40 109
451 347
451 386
347 561
40 67
347 142
561 230
561 314
577 485
230 61
230 199
270 553
270 316
478 335
553 554
553 181
554 253
579 99
554 341
253 236
253 558
579 478
236 555
236 117
555 29
88 50
555 384
29 110
29 130
88 579
110 151
110 27
151 494
241 583
151 162
494 322
494 452
241 88
322 556
322 172
556 235
116 18
556 244
235 380
235 559
116 241
380 431
380 560
431 496
578 223
431 451
496 105
496 347
578 116
105 250
105 561
250 140
81 582
250 230
140 114
140 61
81 578
114 183
114 326
183 408
100 470
462 498
238 253
549 550
73 580
549 236
550 430
550 555
355 28
430 410
430 29
410 369
355 73
410 110
369 551
369 151
57 585
551 79
551 494
79 303
57 355
79 322
303 416
303 556
370 584
416 217
416 235
217 125
370 57
217 380
125 154
125 431
352 102
154 74
154 496
74 372
352 370
74 105
372 448
372 250
118 149
448 33
448 140
33 261
118 352
33 114
261 183
144 552
335 377
144 462
552 271
552 498
335 118
271 115
271 557
115 270
478 388
115 231
539 430
211 540
211 410
221 387
540 492
540 369
492 189
221 49
492 551
189 424
189 79
481 483
424 541
424 303
541 299
481 221
541 416
299 277
299 217
109 587
277 542
277 125
542 60
109 481
542 154
60 543
60 74
485 396
543 188
543 372
188 544
485 109
188 448
544 545
544 33
482 267
545 261
24 423
24 144
482 485
423 256
423 552
256 389
581 272
256 271
389 546
389 115
580 586
546 547
546 270
547 548
580 581
547 553
548 238
548 554
73 337
238 549
534 233
534 189
233 132
18 484
233 424
132 86
132 541
18 583
86 66
86 299
66 354
223 450
66 277
354 385
354 542
223 18
385 535
385 60
535 289
582 328
535 543
289 339
289 188
582 223
339 458
339 544
458 545
470 91
184 365
184 24
365 324
470 582
365 423
324 47
324 256
64 417
47 486
47 389
486 536
64 470
486 546
536 537
536 547
170 209
537 159
537 548
159 538
170 64
159 238
538 97
538 549
49 141
97 539
97 550
539 211
49 170
20 264
488 455
259 205
259 368
152 26
205 275
488 429
205 409
275 325
275 488
409 124
325 356
325 429
356 313
409 488
356 402
313 220
190 305
313 135
368 522
220 445
220 290
445 514
368 409
445 519
514 34
514 180
264 381
34 111
34 520
190 310
111 169
264 368
111 295
169 122
169 521
281 133
122 515
122 129
515 516
281 264
515 112
516 517
305 588
516 345
1 10
517 257
517 108
257 518
1 281
257 7
518 234
518 150
286 460
234 252
234 258
305 301
252 404
286 1
252 17
404 340
157 275
357 359
510 511
520 524
510 325
511 173
511 356
520 295
173 413
173 313
413 475
180 229
413 220
475 512
357 120
475 445
180 520
512 8
512 514
8 136
519 523
8 34
136 294
136 111
519 180
294 90
294 169
359 152
90 14
290 468
90 122
14 226
14 515
290 519
226 300
226 516
300 330
135 419
300 517
330 443
359 594
330 257
135 290
443 350
443 518
350 251
402 285
350 234
251 513
251 252
402 135
513 404
367 206
152 190
367 286
429 334
206 390
206 1
390 20
429 402
390 281
20 259
366 508
366 413
7 72
508 13
508 475
13 394
7 150
13 512
394 174
450 484
394 8
108 425
174 364
174 136
364 75
108 7
364 294
75 282
75 90
345 379
282 193
282 14
450 593
193 373
345 108
193 226
373 358
373 300
112 464
358 442
358 330
442 444
112 345
442 443
444 32
484 357
444 350
129 525
32 509
32 251
509 513
129 112
362 500
362 367
500 35
521 63
500 206
35 248
484 393
35 390
521 129
248 374
248 20
374 186
295 200
374 259
186 157
186 205
295 521
157 510
471 394
213 69
381 522
213 174
69 505
417 592
69 364
133 526
505 219
505 75
219 262
133 381
219 282
262 216
262 193
10 177
216 406
216 373
91 328
406 222
10 133
406 358
222 68
222 442
460 137
68 131
68 444
131 288
460 10
131 32
288 509
91 164
434 321
340 62
434 362
321 473
321 500
17 228
473 506
473 35
506 292
17 340
506 248
292 507
328 450
292 374
258 308
507 187
507 186
187 361
258 17
187 157
361 349
361 510
150 76
349 318
349 511
328 344
318 366
150 258
318 173
141 209
468 523
419 530
419 468
141 48
285 529
285 419
501 145
501 434
334 208
145 502
145 321
209 417
502 399
334 285
502 473
399 9
399 506
455 212
9 480
9 292
480 148
455 334
480 507
148 457
209 195
148 187
124 371
457 77
457 361
77 12
124 455
77 349
12 41
12 318
522 528
41 503
41 366
417 91
503 504
522 124
503 508
504 471
504 13
381 527
471 213
464 379
525 265
483 387
525 464
63 332
63 525
483 439
200 427
200 63
524 5
387 141
524 200
229 104
229 524
387 397
523 158
523 229
468 16
137 177
62 284
267 400
228 255
228 62
308 532
396 587
308 228
76 531
76 308
396 487
72 296
72 76
425 378
587 483
425 72
379 363
379 425
587 36
464 298
208 529
337 591
212 225
212 208
371 179
586 272
371 212
528 403
528 371
586 401
527 472
527 528
526 441
272 182
526 527
177 479
177 526
267 396
137 246
427 332
5 376
5 427
585 590
104 428
104 5
158 346
28 337
158 104
16 96
16 158
28 232
530 268
530 16
529 533
337 586
529 530
208 23
531 532
296 385
102 584
296 531
378 354
378 296
102 589
363 66
363 378
298 86
584 585
298 363
265 132
265 298
584 55
332 233
332 265
427 534
585 28
428 376
583 357
428 540
376 534
376 492
583 50
346 211
268 96
50 359
268 97
96 346
96 539
50 99
346 428
225 537
23 533
23 159
99 388
533 268
533 538
403 179
403 486
388 377
179 225
179 536
225 23
99 152
377 149
441 472
441 324
472 403
388 190
472 47
284 458
246 479
377 305
246 184
479 441
479 365
531 535
149 588
532 255
532 289
255 284
149 102
255 339
250
1 251
2 252
3 253
4 254
5 255
6 256
7 257
8 258
9 259
10 260
11 261
12 262
13 263
14 264
15 265
16 266
17 267
18 268
19 269
20 270
21 271
22 272
23 273
24 274
25 275
26 276
27 277
28 278
29 279
30 280
31 281
32 282
33 283
34 284
35 285
36 286
37 287
38 288
39 289
40 290
41 291
42 292
43 293
44 294
45 295
46 296
47 297
48 298
49 299
50 300
51 301
52 302
53 303
54 304
55 305
56 306
57 307
58 308
59 309
60 310
61 311
62 312
63 313
64 314
65 315
66 316
67 317
68 318
69 319
70 320
71 321
72 322
73 323
74 324
75 325
76 326
77 327
78 328
79 329
80 330
81 331
82 332
83 333
84 334
85 335
86 336
87 337
88 338
89 339
90 340
91 341
92 342
93 343
94 344
95 345
96 346
97 347
98 348
99 349
100 350
101 351
102 352
103 353
104 354
105 355
106 356
107 357
108 358
109 359
110 360
111 361
112 362
113 363
114 364
115 365
116 366
117 367
118 368
119 369
120 370
121 371
122 372
123 373
124 374
125 375
126 376
127 377
128 378
129 379
130 380
131 381
132 382
133 383
134 384
135 385
136 386
137 387
138 388
139 389
140 390
141 391
142 392
143 393
144 394
145 395
146 396
147 397
148 398
149 399
150 400
151 401
152 402
153 403
154 404
155 405
156 406
157 407
158 408
159 409
160 410
161 411
162 412
163 413
164 414
165 415
166 416
167 417
168 418
169 419
170 420
171 421
172 422
173 423
174 424
175 425
176 426
177 427
178 428
179 429
180 430
181 431
182 432
183 433
184 434
185 435
186 436
187 437
188 438
189 439
190 440
191 441
192 442
193 443
194 444
195 445
196 446
197 447
198 448
199 449
200 450
201 451
202 452
203 453
204 454
205 455
206 456
207 457
208 458
209 459
210 460
211 461
212 462
213 463
214 464
215 465
216 466
217 467
218 468
219 469
220 470
221 471
222 472
223 473
224 474
225 475
226 476
227 477
228 478
229 479
230 480
231 481
232 482
233 483
234 484
235 485
236 486
237 487
238 488
239 489
240 490
241 491
242 492
243 493
244 494
245 495
246 496
247 497
248 498
249 499
250 500