625 1200
210 127
220 306
340 405
405 621
621 351
351 106
106 380
380 182
182 119
119 125
125 622
622 623
623 238
238 37
37 451
451 108
108 453
453 100
100 624
624 11
127 306
11 625
625 257
257 383
389 127
383 389
219 621
616 419
616 351
419 167
419 106
167 116
167 380
116 617
116 182
617 283
617 119
283 402
283 125
402 20
402 622
20 206
20 623
206 246
206 238
246 618
246 37
618 619
618 451
619 165
619 108
165 620
165 453
620 99
620 100
99 104
99 624
104 366
104 11
366 189
366 625
189 414
189 257
414 172
414 383
172 210
172 389
210 220
612 167
613 22
613 116
22 140
22 617
140 227
140 283
227 80
227 402
80 70
80 20
70 302
70 206
302 614
302 246
614 284
614 618
284 98
284 619
98 430
98 165
430 91
430 620
91 59
91 99
59 14
59 104
14 103
14 366
103 311
103 189
311 615
311 414
615 330
615 172
330 7
330 210
7 220
307 494
307 340
494 219
494 405
219 616
361 343
361 227
343 274
343 80
274 48
274 70
48 455
48 302
455 6
455 614
6 155
6 284
155 85
155 98
85 610
85 430
610 93
610 91
93 194
93 59
194 21
194 14
21 124
21 103
124 237
124 311
237 133
237 615
133 253
133 330
253 7
479 482
479 307
482 239
482 494
239 476
239 219
476 611
476 616
611 612
611 419
612 613
303 48
25 603
25 455
603 487
603 6
487 480
487 155
480 214
480 85
214 386
214 610
386 604
386 93
604 187
604 194
187 384
187 21
384 177
384 124
177 605
177 237
605 203
605 133
203 253
277 148
277 479
148 606
148 482
606 260
606 239
260 607
260 476
607 350
607 611
350 300
350 612
300 608
300 613
608 609
608 22
609 361
609 140
169 487
42 255
42 480
255 434
255 214
434 407
434 386
407 596
407 604
596 128
596 187
128 282
128 384
282 597
282 177
597 81
597 605
81 203
598 599
598 277
599 152
599 148
152 600
152 606
600 272
600 260
272 329
272 607
329 135
329 350
135 289
135 300
289 15
289 608
15 601
15 609
601 212
601 361
212 602
212 343
602 303
602 274
303 25
478 416
478 407
416 268
416 596
268 180
268 128
180 395
180 282
395 371
395 597
371 81
595 364
595 598
364 452
364 599
452 404
452 152
404 336
404 600
336 195
336 272
195 95
195 329
95 57
95 135
57 50
57 289
50 46
50 15
46 243
46 601
243 58
243 212
58 1
58 602
1 465
1 303
465 185
465 25
185 169
185 603
169 42
285 180
594 143
594 395
143 371
154 3
154 595
3 392
3 364
392 28
392 452
28 461
28 404
461 247
461 336
247 318
247 195
318 141
318 95
141 209
141 57
209 337
209 50
337 292
337 46
292 447
292 243
447 348
447 58
348 49
348 1
49 468
49 465
468 444
468 185
444 500
444 169
500 413
500 42
413 490
413 255
490 478
490 434
166 376
577 497
166 193
376 435
376 579
577 578
435 286
435 202
286 281
278 44
286 62
281 474
281 179
278 577
474 181
474 130
181 88
341 158
181 2
88 102
88 580
341 278
102 196
102 313
196 431
397 359
574 280
574 581
280 94
397 341
280 459
94 575
94 471
33 408
575 576
575 418
576 406
33 397
576 271
406 264
406 259
264 18
264 33
55 592
55 413
592 424
592 490
424 593
424 478
593 310
593 416
310 285
310 268
285 594
89 286
62 375
27 473
27 281
473 79
62 179
473 474
79 26
79 181
202 583
26 142
26 88
142 69
202 62
142 102
69 196
467 357
579 488
467 574
357 572
357 280
579 202
572 312
572 94
312 173
193 54
312 575
173 573
173 576
193 579
573 176
573 406
176 469
427 388
176 264
469 409
469 33
427 193
409 437
409 397
437 105
175 440
437 341
105 322
105 278
175 427
322 481
322 577
481 472
578 582
481 578
472 197
472 175
578 175
197 166
197 427
423 236
459 471
423 26
236 391
236 142
581 229
391 69
45 567
45 467
581 459
567 369
567 357
369 486
431 191
369 572
486 156
486 312
313 263
156 377
156 173
377 222
313 431
377 573
222 24
222 176
580 290
24 52
24 469
52 568
580 313
52 409
568 569
568 437
2 160
569 23
569 105
23 162
2 580
23 322
162 331
162 481
130 30
331 462
331 472
462 422
130 2
462 197
422 570
422 166
179 120
570 571
570 376
571 89
179 130
571 435
89 27
353 45
97 66
359 158
97 567
66 38
66 369
408 584
38 186
38 486
186 561
408 359
186 156
561 562
561 377
18 114
562 563
562 222
563 252
18 408
563 24
252 564
252 52
259 403
564 248
564 568
248 254
259 18
248 569
254 339
254 23
271 489
339 565
339 162
565 475
271 259
565 331
475 101
475 462
418 450
101 446
101 422
446 164
418 271
446 570
164 566
164 571
471 51
566 320
566 89
320 72
471 418
320 27
72 138
72 473
459 295
138 423
138 79
129 557
129 186
54 488
557 558
557 561
558 315
388 298
558 562
315 354
315 563
388 54
354 275
354 252
275 442
440 317
275 564
442 216
442 248
440 388
216 436
216 254
436 4
582 9
436 339
4 448
4 565
582 440
448 149
448 475
149 559
497 5
149 101
559 385
559 446
497 582
385 258
385 164
258 560
44 585
258 566
560 34
560 320
44 497
34 360
34 72
360 267
158 323
360 138
267 168
267 423
158 44
168 117
168 236
117 391
359 499
353 97
401 315
417 553
290 263
417 354
553 426
553 275
160 587
426 107
426 442
107 178
160 290
107 216
178 381
178 436
30 368
381 226
381 4
226 68
30 160
226 448
68 358
68 149
120 334
358 74
358 559
74 64
120 30
74 385
64 232
64 258
375 218
232 554
232 560
554 77
375 120
554 34
77 491
77 360
583 121
491 270
491 267
270 208
583 375
270 168
208 117
555 556
488 110
555 353
556 432
556 97
488 583
432 251
432 66
251 129
54 586
251 38
547 426
548 183
548 107
489 211
183 449
183 178
449 163
489 403
449 381
163 304
163 226
450 590
304 297
304 68
297 314
450 489
297 358
314 549
314 74
51 589
549 242
549 64
242 159
51 450
242 232
159 139
159 554
295 43
139 550
139 77
550 13
295 51
550 491
13 279
13 270
229 496
279 208
338 551
338 555
229 295
551 118
551 556
118 552
191 137
118 432
552 464
552 251
263 588
464 309
464 129
309 32
263 191
309 557
32 401
32 558
290 157
401 417
145 542
145 163
542 543
5 492
542 304
543 111
543 297
5 9
111 36
111 314
36 112
585 151
36 549
112 544
112 242
585 5
544 545
544 159
545 347
323 170
545 139
347 262
347 550
323 585
262 367
262 13
367 279
499 342
230 333
230 338
333 174
499 323
333 551
174 225
174 118
584 76
225 201
225 552
201 410
584 499
201 464
410 546
410 309
114 265
546 17
546 32
17 146
114 584
17 401
146 75
146 417
403 400
75 547
75 553
547 548
403 114
517 498
132 123
73 438
73 60
8 468
438 200
132 411
438 296
200 463
200 132
296 495
463 382
463 411
382 518
296 132
382 523
518 346
591 39
518 266
60 528
346 398
346 433
398 349
60 296
398 287
349 217
349 63
498 344
217 223
217 524
591 444
223 519
498 60
223 192
519 308
519 429
485 241
308 520
308 525
520 40
485 498
520 526
40 521
39 55
40 324
370 273
521 78
521 365
78 335
370 485
78 301
335 373
335 207
378 293
373 305
373 41
39 500
305 522
378 370
305 362
522 527
71 200
244 221
512 513
524 530
512 463
513 514
513 382
524 192
514 113
514 518
113 325
63 224
113 346
325 288
244 348
325 398
63 524
288 327
288 349
327 328
287 529
327 217
328 233
328 223
287 63
233 319
233 519
221 8
319 215
433 355
319 308
215 61
215 520
433 287
61 321
61 40
321 235
266 109
321 521
235 515
221 49
235 78
266 433
515 332
515 335
332 56
523 483
332 373
56 228
56 305
523 266
228 522
379 516
8 591
379 378
411 345
516 65
516 370
65 517
411 523
65 485
517 73
372 420
372 113
301 394
420 19
420 325
19 261
301 207
19 288
261 84
151 492
261 327
365 393
84 190
84 328
190 443
365 301
190 233
443 276
443 319
324 352
276 387
276 215
151 292
387 126
324 365
387 61
126 115
126 321
526 363
115 477
115 235
477 510
526 324
477 515
510 29
492 244
510 332
525 53
29 493
29 56
493 228
525 526
161 399
161 379
399 213
429 531
399 516
213 511
492 447
213 65
429 525
511 90
511 517
90 234
192 82
90 73
234 71
234 438
192 429
71 512
47 261
240 198
344 528
240 84
198 506
76 141
198 190
241 35
506 507
506 443
507 457
241 344
507 276
457 326
457 387
273 199
326 470
326 126
342 170
470 245
273 241
470 115
245 508
245 477
293 249
508 16
508 510
16 136
293 273
16 29
136 493
342 209
188 356
527 122
188 161
356 12
356 399
362 533
12 425
12 213
425 269
362 527
425 511
269 67
170 151
269 90
41 415
67 509
67 234
509 466
41 362
509 71
466 460
466 512
207 532
460 150
460 513
170 337
150 372
207 41
150 514
400 265
355 529
109 536
109 355
400 247
483 535
483 109
396 501
396 188
345 456
501 171
501 356
265 76
171 502
345 483
171 12
502 503
502 425
123 534
503 504
503 269
504 294
123 345
504 67
294 87
265 318
294 509
495 10
87 428
87 466
428 458
495 123
428 460
458 153
458 150
528 83
153 505
153 372
76 342
505 316
528 495
505 420
316 47
316 19
344 256
47 240
363 352
53 131
590 211
53 363
531 134
531 53
590 28
82 374
82 531
530 390
211 400
530 82
224 86
224 530
211 461
529 441
529 224
355 454
249 199
122 538
496 154
533 537
533 122
415 445
43 589
415 533
532 412
532 415
43 3
394 147
394 532
393 204
589 590
393 394
352 92
352 393
589 392
363 421
456 535
157 285
534 231
534 456
10 540
588 137
10 534
83 184
83 10
588 594
256 31
256 83
35 539
137 143
35 256
199 484
199 35
496 43
249 291
374 134
390 299
390 374
368 593
86 439
86 390
441 250
587 157
441 86
454 144
454 441
587 310
536 541
536 454
535 205
157 588
535 536
456 96
412 445
147 544
218 334
147 412
204 112
204 147
218 592
92 36
92 204
421 111
334 368
421 92
131 543
131 421
334 424
134 542
134 131
374 145
368 587
439 299
9 244
439 183
299 145
299 449
9 317
250 548
541 144
317 221
541 75
144 250
144 547
317 298
250 439
231 546
96 205
96 17
298 586
205 541
205 146
184 540
184 201
586 110
540 231
540 410
231 96
298 8
110 121
539 31
539 174
31 184
586 591
31 225
538 367
291 484
110 39
291 230
484 539
484 333
412 545
121 55
445 537
445 347
537 538
121 218
537 262
250
1 251
2 252
3 253
4 254
5 255
6 256
7 257
8 258
9 259
10 260
11 261
12 262
13 263
14 264
15 265
16 266
17 267
18 268
19 269
20 270
21 271
22 272
23 273
24 274
25 275
26 276
27 277
28 278
29 279
30 280
31 281
32 282
33 283
34 284
35 285
36 286
37 287
38 288
39 289
40 290
41 291
42 292
43 293
44 294
45 295
46 296
47 297
48 298
49 299
50 300
51 301
52 302
53 303
54 304
55 305
56 306
57 307
58 308
59 309
60 310
61 311
62 312
63 313
64 314
65 315
66 316
67 317
68 318
69 319
70 320
71 321
72 322
73 323
74 324
75 325
76 326
77 327
78 328
79 329
80 330
81 331
82 332
83 333
84 334
85 335
86 336
87 337
88 338
89 339
90 340
91 341
92 342
93 343
94 344
95 345
96 346
97 347
98 348
99 349
100 350
101 351
102 352
103 353
104 354
105 355
106 356
107 357
108 358
109 359
110 360
111 361
112 362
113 363
114 364
115 365
116 366
117 367
118 368
119 369
120 370
121 371
122 372
123 373
124 374
125 375
126 376
127 377
128 378
129 379
130 380
131 381
132 382
133 383
134 384
135 385
136 386
137 387
138 388
139 389
140 390
141 391
142 392
143 393
144 394
145 395
146 396
147 397
148 398
149 399
150 400
151 401
152 402
153 403
154 404
155 405
156 406
157 407
158 408
159 409
160 410
161 411
162 412
163 413
164 414
165 415
166 416
167 417
168 418
169 419
170 420
171 421
172 422
173 423
174 424
175 425
176 426
177 427
178 428
179 429
180 430
181 431
182 432
183 433
184 434
185 435
186 436
187 437
188 438
189 439
190 440
191 441
192 442
193 443
194 444
195 445
196 446
197 447
198 448
199 449
200 450
201 451
202 452
203 453
204 454
205 455
206 456
207 457
208 458
209 459
210 460
211 461
212 462
213 463
214 464
215 465
216 466
217 467
218 468
219 469
220 470
221 471
222 472
223 473
224 474
225 475
226 476
227 477
228 478
229 479
230 480
231 481
232 482
233 483
234 484
235 485
236 486
237 487
238 488
239 489
240 490
241 491
242 492
243 493
244 494
245 495
246 496
247 497
248 498
249 499
250 500