625 1200
380 150
265 53
116 333
333 622
622 472
472 223
223 623
623 190
190 396
396 476
476 110
110 624
624 625
625 260
260 364
364 230
230 311
311 444
444 393
393 460
150 53
460 250
250 390
390 18
174 150
18 174
498 622
120 57
120 472
57 147
57 223
147 50
147 623
50 119
50 190
119 299
119 396
299 621
299 476
621 49
621 110
49 274
49 624
274 137
274 625
137 280
137 260
280 292
280 364
292 340
292 230
340 369
340 311
369 125
369 444
125 455
125 393
455 249
455 460
249 77
249 250
77 123
77 390
123 332
123 18
332 380
332 174
380 265
133 147
165 419
165 50
419 88
419 119
88 261
88 299
261 219
261 621
219 471
219 49
471 7
471 274
7 251
7 137
251 227
251 280
227 61
227 292
61 91
61 340
91 618
91 369
618 619
618 125
619 64
619 455
64 620
64 249
620 102
620 77
102 218
102 123
218 37
218 332
37 96
37 380
96 265
417 30
417 116
30 498
30 333
498 120
612 148
612 261
148 613
148 219
613 94
613 471
94 90
94 7
90 285
90 251
285 112
285 227
112 350
112 61
350 34
350 91
34 386
34 618
386 492
386 619
492 614
492 64
614 615
614 620
615 385
615 102
385 314
385 218
314 616
314 37
616 96
337 404
337 417
404 617
404 30
617 103
617 498
103 411
103 120
411 133
411 57
133 165
316 94
214 243
214 90
243 139
243 285
139 608
139 112
608 453
608 350
453 372
453 34
372 92
372 386
92 152
92 492
152 446
152 614
446 245
446 615
245 609
245 385
609 191
609 314
191 616
193 405
193 337
405 395
405 404
395 4
395 617
4 610
4 103
610 611
610 411
611 323
611 133
323 220
323 165
220 482
220 419
482 612
482 88
348 139
603 46
603 608
46 143
46 453
143 604
143 372
604 155
604 92
155 98
155 152
98 605
98 446
605 209
605 245
209 89
209 609
89 191
313 420
313 193
420 412
420 405
412 273
412 395
273 259
273 4
259 606
259 610
606 484
606 611
484 128
484 323
128 25
128 220
25 607
25 482
607 177
607 612
177 466
177 148
466 316
466 613
316 214
599 360
599 604
360 467
360 155
467 477
467 98
477 319
477 605
319 392
319 209
392 89
341 600
341 313
600 601
600 420
601 76
601 412
76 424
76 273
424 336
424 259
336 207
336 606
207 389
207 484
389 72
389 128
72 398
72 25
398 202
398 607
202 602
202 177
602 85
602 466
85 486
85 316
486 373
486 214
373 348
373 243
348 603
374 477
199 38
199 319
38 392
287 300
287 341
300 200
300 600
200 256
200 601
256 40
256 76
40 222
40 424
222 597
222 336
597 205
597 207
205 371
205 389
371 418
371 72
418 212
418 398
212 15
212 202
15 362
15 602
362 247
362 85
247 83
247 486
83 431
83 373
431 149
431 348
149 317
149 603
317 598
317 46
598 599
598 143
574 244
105 127
574 42
244 66
244 19
105 39
66 367
66 283
367 575
107 581
367 131
575 291
575 236
107 105
291 409
291 208
409 28
185 434
409 578
28 576
28 493
185 107
576 320
576 491
320 579
2 580
421 443
421 172
443 429
2 185
443 425
429 134
429 145
414 43
134 87
134 479
87 451
414 2
87 252
451 483
451 309
483 430
483 414
194 182
194 317
182 449
182 598
449 241
449 599
241 231
241 360
231 374
231 467
374 199
570 367
131 462
571 572
571 575
572 198
131 236
572 291
198 330
198 409
283 234
330 106
330 28
106 48
283 131
106 576
48 320
248 118
19 264
248 421
118 267
118 443
19 283
267 573
267 429
573 454
42 361
573 134
454 126
454 87
42 19
126 13
126 451
13 495
577 5
13 483
495 408
495 414
577 42
408 442
408 2
442 78
189 58
442 185
78 375
78 107
189 577
375 433
375 105
433 8
39 582
433 39
8 258
8 189
39 189
258 574
258 577
3 282
425 145
3 330
282 23
282 106
172 585
23 48
363 79
363 248
172 425
79 240
79 118
240 566
579 496
240 267
566 51
566 573
491 584
51 322
51 454
322 567
491 579
322 126
567 204
567 13
493 229
204 158
204 495
158 568
493 491
158 408
568 315
568 442
578 583
315 569
315 78
569 489
578 493
569 375
489 141
489 433
208 382
141 356
141 8
356 238
208 578
356 258
238 384
238 574
236 318
384 439
384 244
439 570
236 208
439 66
570 571
560 363
171 154
580 434
171 79
154 69
154 240
43 14
69 561
69 566
561 278
43 580
561 51
278 359
278 322
430 588
359 246
359 567
246 562
430 43
246 204
562 24
562 158
309 452
24 270
24 568
270 563
309 430
270 315
563 136
563 569
252 176
136 564
136 489
564 321
252 309
564 141
321 184
321 356
479 487
184 401
184 238
401 565
479 252
401 384
565 197
565 439
145 587
197 494
197 570
494 400
145 479
494 571
400 84
400 572
425 586
84 3
84 198
213 65
213 561
361 264
65 237
65 278
237 266
5 276
237 359
266 22
266 246
5 361
22 32
22 562
32 226
58 590
32 24
226 416
226 270
58 5
416 366
416 563
366 557
582 52
366 136
557 21
557 564
582 58
21 490
21 321
490 558
127 589
490 184
558 262
558 401
127 582
262 195
262 565
195 73
581 275
195 197
73 183
73 494
581 127
183 559
183 400
559 376
434 461
559 84
376 132
376 3
434 581
132 457
132 282
457 23
580 263
560 171
181 266
548 499
229 584
548 22
499 26
499 32
583 592
26 163
26 226
163 497
583 229
163 416
497 298
497 366
382 113
298 549
298 557
549 550
382 583
549 21
550 138
550 490
318 325
138 551
138 558
551 552
318 382
551 262
552 161
552 195
462 173
161 553
161 73
553 554
462 318
553 183
554 153
554 559
234 441
153 290
153 376
290 555
234 462
290 132
555 457
160 168
264 591
160 560
168 391
168 171
264 234
391 556
391 154
556 213
361 122
556 69
370 26
201 33
201 163
176 438
33 281
33 497
281 427
176 452
281 298
427 233
427 549
487 488
233 328
233 550
328 56
487 176
328 138
56 75
56 551
587 377
75 546
75 552
546 12
587 487
546 161
12 187
12 553
586 381
187 459
187 554
459 11
586 587
459 153
11 101
11 290
585 97
101 555
17 331
17 160
585 586
331 478
331 168
478 129
496 255
478 391
129 71
129 556
584 162
71 41
71 213
41 547
584 496
41 65
547 181
547 237
229 44
181 548
464 140
464 427
140 146
589 351
140 233
146 542
146 328
589 52
542 450
542 56
450 62
275 596
450 75
62 353
62 546
275 589
353 543
353 12
543 47
461 100
543 187
47 544
47 459
461 275
544 211
544 11
211 101
263 224
294 473
294 17
473 157
263 461
473 331
157 423
157 478
14 595
423 31
423 129
31 59
14 263
31 71
59 399
59 41
588 594
399 481
399 547
481 545
588 14
481 181
545 347
545 548
452 593
347 370
347 499
370 201
452 588
397 524
422 530
519 458
519 525
357 83
458 179
422 365
458 445
179 9
179 422
445 166
9 428
9 365
428 108
445 422
428 114
108 192
354 151
108 188
525 54
192 217
192 526
217 520
525 445
217 286
520 521
520 99
524 74
521 345
521 254
354 431
345 522
524 525
345 527
522 215
522 121
394 117
215 67
215 310
67 196
394 524
67 178
196 447
151 194
196 210
403 308
447 413
447 307
413 63
403 394
413 528
63 335
63 156
523 480
335 221
335 164
151 149
221 355
523 403
221 529
355 379
324 179
485 169
302 142
254 159
302 9
142 349
142 428
254 527
349 45
349 108
45 268
99 55
45 192
268 436
485 362
268 217
99 254
436 232
436 520
232 60
286 334
232 521
60 387
60 345
286 99
387 239
387 522
169 357
239 16
526 36
239 215
16 339
16 67
526 286
339 440
339 196
440 27
188 531
440 447
27 293
169 247
27 413
188 526
293 515
293 63
515 111
114 82
515 335
111 516
111 221
114 188
516 355
517 338
357 354
517 523
365 144
338 518
338 403
518 397
365 114
518 394
397 519
500 510
500 45
528 289
510 346
510 268
346 511
528 156
346 436
511 295
596 351
511 232
307 327
295 284
295 60
284 512
307 528
284 387
512 513
512 239
210 206
513 170
513 16
596 212
170 80
210 307
170 339
80 272
80 440
178 533
272 514
272 27
514 343
178 210
514 293
343 406
351 485
343 515
310 6
406 235
406 111
235 516
310 178
216 70
216 517
70 456
121 297
70 338
456 407
351 15
456 518
121 310
407 448
407 397
448 93
527 532
448 519
93 324
93 458
527 121
324 302
505 511
271 368
74 54
271 295
368 228
595 205
368 284
117 329
228 506
228 512
506 225
117 74
506 513
225 388
225 170
308 344
388 95
388 80
224 100
95 288
308 117
95 272
288 507
288 514
480 358
507 378
507 343
378 104
480 308
378 406
104 235
224 371
303 508
379 537
303 216
508 435
508 70
529 536
435 1
435 456
1 20
529 379
1 407
20 10
100 596
20 448
164 535
10 253
10 93
253 296
164 529
253 324
296 509
296 302
156 534
509 81
509 142
100 418
81 500
156 164
81 349
593 594
36 334
531 312
531 36
593 222
82 470
82 531
326 68
326 303
144 468
68 109
68 508
594 595
109 277
144 82
109 435
277 415
277 1
530 538
415 501
415 20
501 502
530 144
501 10
502 86
594 597
502 253
166 352
86 475
86 296
475 175
166 530
475 509
175 135
175 81
54 180
135 503
135 500
595 224
503 504
54 166
503 510
504 505
504 346
74 269
505 271
533 206
6 203
488 438
6 533
297 279
297 6
488 256
532 465
532 297
159 124
438 593
159 532
55 539
55 159
438 40
334 410
334 55
36 115
358 344
537 186
97 287
536 305
536 537
535 306
381 377
535 536
534 383
534 535
381 300
289 257
289 534
327 469
377 488
327 289
206 342
206 327
377 200
533 463
468 470
44 374
538 432
538 468
352 242
162 255
352 538
180 437
180 352
162 199
269 167
269 180
329 474
255 38
329 269
344 301
344 329
97 381
358 130
465 279
124 426
124 465
113 241
539 29
539 124
410 402
592 44
410 539
115 541
115 410
592 231
312 304
312 115
470 540
44 162
470 312
468 35
383 306
257 353
173 325
257 383
469 62
469 257
173 182
342 450
342 469
463 542
325 113
463 342
203 146
203 463
325 449
279 140
279 203
465 464
113 592
29 426
52 485
29 33
426 464
426 281
52 590
402 201
304 541
590 169
304 347
541 402
541 370
590 276
402 29
432 399
35 540
35 481
276 122
540 304
540 545
437 242
437 31
122 591
242 432
242 59
432 35
276 357
591 441
474 167
474 157
167 437
122 354
167 423
186 211
130 301
591 151
130 294
301 474
301 473
383 543
441 194
306 305
306 47
305 186
441 173
305 544
250
1 251
2 252
3 253
4 254
5 255
6 256
7 257
8 258
9 259
10 260
11 261
12 262
13 263
14 264
15 265
16 266
17 267
18 268
19 269
20 270
21 271
22 272
23 273
24 274
25 275
26 276
27 277
28 278
29 279
30 280
31 281
32 282
33 283
34 284
35 285
36 286
37 287
38 288
39 289
40 290
41 291
42 292
43 293
44 294
45 295
46 296
47 297
48 298
49 299
50 300
51 301
52 302
53 303
54 304
55 305
56 306
57 307
58 308
59 309
60 310
61 311
62 312
63 313
64 314
65 315
66 316
67 317
68 318
69 319
70 320
71 321
72 322
73 323
74 324
75 325
76 326
77 327
78 328
79 329
80 330
81 331
82 332
83 333
84 334
85 335
86 336
87 337
88 338
89 339
90 340
91 341
92 342
93 343
94 344
95 345
96 346
97 347
98 348
99 349
100 350
101 351
102 352
103 353
104 354
105 355
106 356
107 357
108 358
109 359
110 360
111 361
112 362
113 363
114 364
115 365
116 366
117 367
118 368
119 369
120 370
121 371
122 372
123 373
124 374
125 375
126 376
127 377
128 378
129 379
130 380
131 381
132 382
133 383
134 384
135 385
136 386
137 387
138 388
139 389
140 390
141 391
142 392
143 393
144 394
145 395
146 396
147 397
148 398
149 399
150 400
151 401
152 402
153 403
154 404
155 405
156 406
157 407
158 408
159 409
160 410
161 411
162 412
163 413
164 414
165 415
166 416
167 417
168 418
169 419
170 420
171 421
172 422
173 423
174 424
175 425
176 426
177 427
178 428
179 429
180 430
181 431
182 432
183 433
184 434
185 435
186 436
187 437
188 438
189 439
190 440
191 441
192 442
193 443
194 444
195 445
196 446
197 447
198 448
199 449
200 450
201 451
202 452
203 453
204 454
205 455
206 456
207 457
208 458
209 459
210 460
211 461
212 462
213 463
214 464
215 465
216 466
217 467
218 468
219 469
220 470
221 471
222 472
223 473
224 474
225 475
226 476
227 477
228 478
229 479
230 480
231 481
232 482
233 483
234 484
235 485
236 486
237 487
238 488
239 489
240 490
241 491
242 492
243 493
244 494
245 495
246 496
247 497
248 498
249 499
250 500