625 1200
619 625
23 129
620 245
245 33
33 426
426 43
43 422
422 621
621 369
369 101
101 75
75 500
500 384
384 323
323 108
108 311
311 132
132 309
309 258
258 390
625 129
390 622
622 623
623 624
218 625
624 218
496 33
144 613
144 426
613 26
613 43
26 374
26 422
374 360
374 621
360 614
360 369
614 615
614 101
615 240
615 75
240 408
240 500
408 380
408 384
380 250
380 323
250 399
250 108
399 120
399 311
120 616
120 132
616 136
616 309
136 464
136 258
464 300
464 390
300 234
300 622
234 617
234 623
617 618
617 624
618 619
618 218
619 23
604 26
359 344
359 374
344 605
344 360
605 606
605 614
606 20
606 615
20 249
20 240
249 463
249 408
463 607
463 380
607 73
607 250
73 608
73 399
608 435
608 120
435 308
435 616
308 609
308 136
609 610
609 464
610 171
610 300
171 325
171 234
325 328
325 617
328 611
328 618
611 142
611 619
142 23
612 395
612 620
395 496
395 245
496 144
81 205
81 606
205 235
205 20
235 465
235 249
465 85
465 463
85 187
85 607
187 34
187 73
34 127
34 608
127 430
127 435
430 94
430 308
94 603
94 609
603 499
603 610
499 86
499 171
86 209
86 325
209 25
209 328
25 217
25 611
217 142
440 446
440 612
446 362
446 395
362 141
362 496
141 103
141 144
103 604
103 613
604 359
219 465
277 110
277 85
110 79
110 187
79 416
79 34
416 5
416 127
5 243
5 430
243 327
243 94
327 598
327 603
598 109
598 499
109 599
109 86
599 387
599 209
387 600
387 25
600 217
601 32
601 440
32 274
32 446
274 421
274 362
421 273
421 141
273 470
273 103
470 124
470 604
124 602
124 359
602 133
602 344
133 81
133 605
596 79
388 189
388 416
189 158
189 5
158 190
158 243
190 341
190 327
341 473
341 598
473 355
473 109
355 427
355 599
427 398
427 387
398 600
223 163
223 601
163 119
163 32
119 597
119 274
597 30
597 421
30 93
30 273
93 449
93 470
449 285
449 124
285 19
285 602
19 150
19 133
150 152
150 81
152 232
152 205
232 219
232 235
219 277
434 424
434 190
424 320
424 341
320 210
320 473
210 354
210 355
354 200
354 427
200 398
174 593
174 223
593 173
593 163
173 414
173 119
414 9
414 597
9 272
9 30
272 58
272 93
58 411
58 449
411 443
411 285
443 594
443 19
594 294
594 150
294 77
294 152
77 595
77 232
595 347
595 219
347 318
347 277
318 596
318 110
596 388
27 210
396 587
396 354
587 200
588 255
588 174
255 404
255 593
404 262
404 173
262 211
262 414
211 87
211 9
87 130
87 272
130 589
130 58
589 194
589 411
194 138
194 443
138 112
138 594
112 590
112 294
590 591
590 77
591 239
591 595
239 592
239 347
592 165
592 318
165 492
165 596
492 267
492 388
267 176
267 189
176 434
176 158
475 569
118 472
475 371
569 54
569 573
118 62
54 425
54 455
425 570
366 337
425 256
570 495
570 478
366 118
495 431
495 574
431 418
572 480
431 128
418 113
418 83
572 366
113 241
113 301
241 348
340 298
412 116
412 476
116 65
340 572
116 445
65 55
65 575
385 577
55 571
55 228
571 199
385 340
571 576
199 184
199 279
184 164
184 385
13 148
13 267
148 448
148 176
448 139
448 434
139 351
139 424
351 27
351 320
27 396
186 425
256 579
485 368
485 570
368 567
256 478
368 495
567 253
567 431
455 578
253 407
253 418
407 105
455 256
407 113
105 241
204 568
573 216
204 412
568 95
568 116
573 455
95 84
95 65
84 378
371 226
84 55
378 11
378 571
371 573
11 50
11 199
50 490
198 6
50 184
490 441
490 385
198 371
441 376
441 340
376 479
275 125
376 572
479 29
479 366
275 198
29 342
29 118
342 381
62 69
342 62
381 468
381 275
62 275
468 475
468 198
22 224
445 575
22 253
224 559
224 407
476 155
559 105
161 151
161 204
476 445
151 12
151 568
12 560
348 304
12 95
560 561
560 84
301 153
561 429
561 378
429 562
301 348
429 11
562 346
562 50
83 415
346 57
346 490
57 363
83 301
57 441
363 397
363 376
128 494
397 563
397 479
563 306
128 83
563 29
306 564
306 342
574 580
564 565
564 381
565 566
574 128
565 468
566 201
566 475
478 238
201 282
201 569
282 186
478 574
282 54
186 485
460 161
331 557
298 480
331 151
557 482
557 12
577 370
482 39
482 560
39 36
577 298
39 561
36 372
36 429
164 324
372 403
372 562
403 287
164 577
403 346
287 406
287 57
279 149
406 420
406 363
420 558
279 164
420 397
558 44
558 563
576 457
44 193
44 306
193 261
576 279
193 564
261 231
261 565
228 289
231 442
231 566
442 156
228 576
442 201
156 172
156 282
575 53
172 334
172 186
334 40
575 228
334 485
40 188
40 368
445 581
188 22
188 567
35 553
35 39
226 216
553 269
553 36
269 554
6 260
269 372
554 229
554 403
6 226
229 18
229 287
18 4
125 88
18 406
4 391
4 420
125 6
391 251
391 558
251 555
69 353
251 44
555 56
555 193
69 125
56 432
56 261
432 556
472 99
432 231
556 2
556 442
472 69
2 271
2 156
271 498
337 333
271 172
498 146
498 334
337 472
146 254
146 40
254 288
480 97
254 188
288 206
288 22
480 337
206 350
206 224
350 559
298 379
460 331
89 554
451 437
415 153
451 229
437 549
437 18
494 583
549 292
549 4
292 157
494 415
292 391
157 49
157 251
580 203
49 550
49 555
550 1
580 494
550 56
1 343
1 432
238 582
343 16
343 556
16 263
238 580
16 2
263 551
263 271
579 484
551 7
551 498
7 458
579 238
7 146
458 552
458 254
578 123
552 72
552 288
72 349
578 579
72 206
349 350
236 339
216 197
236 460
339 450
339 331
216 578
450 168
450 557
168 35
226 297
168 482
135 549
281 92
281 292
457 167
92 545
92 157
545 78
457 149
545 49
78 246
78 550
289 584
246 459
246 1
459 336
289 457
459 343
336 546
336 16
53 493
546 386
546 263
386 466
53 289
386 551
466 233
466 7
581 453
233 257
233 458
257 28
581 53
257 552
28 547
28 72
155 45
547 349
447 82
447 236
155 581
82 548
82 339
548 315
304 207
548 450
315 14
315 168
153 461
14 70
14 35
70 295
153 304
70 553
295 89
295 269
415 212
89 451
313 169
313 78
169 60
99 185
169 246
60 10
60 459
99 353
10 486
10 336
486 332
333 417
486 546
332 215
332 386
333 99
215 392
215 466
392 471
97 265
392 233
471 17
471 257
97 333
17 541
17 28
541 547
379 177
96 330
96 447
330 454
379 97
330 82
454 356
454 548
370 264
356 182
356 315
182 299
370 379
182 14
299 542
299 70
324 312
542 438
542 295
438 543
324 370
438 89
543 544
543 451
149 585
544 135
544 437
135 281
149 324
104 525
214 321
428 322
428 48
364 592
322 291
214 64
322 248
291 519
291 214
248 345
519 520
519 64
520 90
248 214
520 439
90 131
586 361
90 137
48 529
131 521
131 423
521 244
48 248
521 526
244 42
244 296
525 528
42 410
42 389
586 165
410 522
525 48
410 71
522 402
522 270
400 114
402 338
402 191
338 61
400 525
338 66
61 237
361 13
61 145
259 527
237 523
237 80
523 170
259 400
523 98
170 107
170 377
276 497
107 524
107 487
361 492
524 317
276 259
524 467
317 310
41 291
31 91
302 166
389 21
302 519
166 266
166 520
389 71
266 444
266 90
444 515
296 222
444 131
515 516
31 591
515 521
296 389
516 303
516 244
303 106
526 220
303 42
106 140
106 410
526 296
140 290
140 522
91 364
290 393
423 530
290 402
393 179
393 338
423 526
179 24
179 61
24 517
137 394
24 237
517 452
91 239
517 523
137 423
452 59
452 170
59 162
439 213
59 107
162 518
162 524
439 137
518 317
195 67
364 586
195 276
64 208
67 111
67 259
111 104
64 439
111 400
104 428
474 280
474 444
98 436
280 511
280 515
511 409
98 377
511 516
409 512
417 185
409 303
80 367
512 126
512 106
126 413
80 98
126 140
413 225
413 290
145 159
225 121
225 393
417 112
121 358
145 80
121 179
358 513
358 24
66 456
513 47
513 517
47 514
66 145
47 452
514 293
185 31
514 59
191 335
293 278
293 162
278 518
191 66
352 314
352 195
314 134
270 365
314 67
134 405
185 590
134 111
270 191
405 181
405 104
181 122
71 268
181 428
122 41
122 322
71 270
41 302
100 409
504 117
528 529
504 512
117 469
264 589
117 126
114 533
469 488
469 413
488 505
114 528
488 225
505 506
505 121
527 326
506 433
506 358
177 265
433 477
527 114
433 513
477 383
477 47
497 63
383 76
383 514
76 227
497 527
76 293
227 278
177 194
507 508
310 532
507 352
508 230
508 314
467 37
230 183
230 134
183 221
467 310
183 405
221 483
265 417
221 181
487 531
483 143
483 122
143 38
487 467
143 41
38 509
38 302
377 373
509 510
509 166
265 138
510 474
377 487
510 266
585 312
530 220
394 419
394 530
585 87
213 357
213 394
68 51
68 507
208 401
51 160
51 508
312 264
160 501
208 213
160 230
501 242
501 183
321 286
242 178
242 221
178 382
321 208
178 483
382 502
312 130
382 143
345 481
502 503
502 38
503 252
345 321
503 509
252 52
252 510
529 534
52 247
52 474
264 177
247 180
529 345
247 280
180 100
180 511
528 316
100 504
456 159
335 537
584 167
335 456
365 536
365 335
584 262
268 535
268 365
21 175
167 585
21 268
222 8
222 21
167 211
220 307
220 222
530 305
63 326
532 375
45 588
37 491
37 532
531 539
453 493
531 37
373 283
373 531
453 255
436 202
436 373
367 538
493 584
367 436
159 3
159 367
493 404
456 489
401 357
212 27
286 192
286 401
481 319
461 207
481 286
534 115
534 481
461 396
316 15
316 534
533 102
207 587
533 316
326 147
326 533
45 453
63 154
535 536
175 74
175 535
203 139
8 329
8 175
307 284
583 212
307 8
305 46
305 307
583 351
419 196
419 305
357 540
212 461
357 419
401 462
283 539
202 215
484 582
202 283
538 332
538 202
484 148
3 486
3 538
489 10
582 203
489 3
537 60
537 489
582 448
536 169
536 537
535 313
203 583
329 74
353 31
329 92
74 313
74 545
353 88
284 281
196 46
88 91
196 544
46 284
46 135
88 260
284 329
192 542
462 540
462 438
260 297
540 196
540 543
115 319
115 182
297 197
319 192
319 299
192 462
260 364
197 123
102 15
102 454
15 115
297 586
15 356
375 541
154 147
197 361
154 96
147 102
147 330
283 392
123 13
539 491
539 471
491 375
123 484
491 17
250
1 251
2 252
3 253
4 254
5 255
6 256
7 257
8 258
9 259
10 260
11 261
12 262
13 263
14 264
15 265
16 266
17 267
18 268
19 269
20 270
21 271
22 272
23 273
24 274
25 275
26 276
27 277
28 278
29 279
30 280
31 281
32 282
33 283
34 284
35 285
36 286
37 287
38 288
39 289
40 290
41 291
42 292
43 293
44 294
45 295
46 296
47 297
48 298
49 299
50 300
51 301
52 302
53 303
54 304
55 305
56 306
57 307
58 308
59 309
60 310
61 311
62 312
63 313
64 314
65 315
66 316
67 317
68 318
69 319
70 320
71 321
72 322
73 323
74 324
75 325
76 326
77 327
78 328
79 329
80 330
81 331
82 332
83 333
84 334
85 335
86 336
87 337
88 338
89 339
90 340
91 341
92 342
93 343
94 344
95 345
96 346
97 347
98 348
99 349
100 350
101 351
102 352
103 353
104 354
105 355
106 356
107 357
108 358
109 359
110 360
111 361
112 362
113 363
114 364
115 365
116 366
117 367
118 368
119 369
120 370
121 371
122 372
123 373
124 374
125 375
126 376
127 377
128 378
129 379
130 380
131 381
132 382
133 383
134 384
135 385
136 386
137 387
138 388
139 389
140 390
141 391
142 392
143 393
144 394
145 395
146 396
147 397
148 398
149 399
150 400
151 401
152 402
153 403
154 404
155 405
156 406
157 407
158 408
159 409
160 410
161 411
162 412
163 413
164 414
165 415
166 416
167 417
168 418
169 419
170 420
171 421
172 422
173 423
174 424
175 425
176 426
177 427
178 428
179 429
180 430
181 431
182 432
183 433
184 434
185 435
186 436
187 437
188 438
189 439
190 440
191 441
192 442
193 443
194 444
195 445
196 446
197 447
198 448
199 449
200 450
201 451
202 452
203 453
204 454
205 455
206 456
207 457
208 458
209 459
210 460
211 461
212 462
213 463
214 464
215 465
216 466
217 467
218 468
219 469
220 470
221 471
222 472
223 473
224 474
225 475
226 476
227 477
228 478
229 479
230 480
231 481
232 482
233 483
234 484
235 485
236 486
237 487
238 488
239 489
240 490
241 491
242 492
243 493
244 494
245 495
246 496
247 497
248 498
249 499
250 500