625 1200
372 198
183 225
389 623
623 289
289 624
624 182
182 386
386 186
186 479
479 381
381 374
374 148
148 391
391 35
35 86
86 354
354 47
47 357
357 625
625 475
198 225
475 275
275 367
367 461
467 198
461 467
152 289
440 313
440 624
313 30
313 182
30 347
30 386
347 422
347 186
422 474
422 479
474 143
474 381
143 228
143 374
228 431
228 148
431 445
431 391
445 258
445 35
258 618
258 86
618 406
618 354
406 108
406 47
108 619
108 357
619 76
619 625
76 620
76 475
620 621
620 275
621 622
621 367
622 420
622 461
420 372
420 467
372 183
612 30
214 613
214 347
613 114
613 422
114 6
114 474
6 328
6 143
328 373
328 228
373 614
373 431
614 471
614 445
471 383
471 258
383 615
383 618
615 487
615 406
487 616
487 108
616 478
616 619
478 317
478 76
317 411
317 620
411 321
411 621
321 617
321 622
617 168
617 420
168 377
168 372
377 183
40 287
40 389
287 152
287 623
152 440
605 64
605 6
64 606
64 328
606 278
606 373
278 607
278 614
607 43
607 471
43 165
43 383
165 476
165 615
476 455
476 487
455 608
455 616
608 395
608 478
395 21
395 317
21 609
21 411
609 454
609 321
454 229
454 617
229 364
229 168
364 377
610 453
610 40
453 611
453 287
611 244
611 152
244 1
244 440
1 612
1 313
612 214
280 278
187 399
187 607
399 8
399 43
8 419
8 165
419 603
419 476
603 344
603 455
344 206
344 608
206 28
206 395
28 265
28 21
265 413
265 609
413 493
413 454
493 356
493 229
356 364
167 117
167 610
117 150
117 453
150 326
150 611
326 97
326 244
97 604
97 1
604 486
604 612
486 102
486 214
102 237
102 613
237 605
237 114
179 8
304 162
304 419
162 448
162 603
448 599
448 344
599 360
599 206
360 500
360 28
500 110
500 265
110 600
110 413
600 202
600 493
202 356
322 384
322 167
384 463
384 117
463 337
463 150
337 601
337 326
601 397
601 97
397 320
397 604
320 462
320 486
462 602
462 102
602 409
602 237
409 288
409 605
288 100
288 64
100 280
100 606
280 187
457 593
457 599
593 346
593 360
346 594
346 500
594 595
594 110
595 231
595 600
231 202
281 459
281 322
459 596
459 384
596 283
596 463
283 181
283 337
181 477
181 601
477 403
477 397
403 597
403 320
597 375
597 462
375 276
375 602
276 598
276 409
598 139
598 288
139 238
139 100
238 123
238 280
123 66
123 187
66 179
66 399
179 304
329 594
266 52
266 595
52 231
466 22
466 281
22 68
22 459
68 588
68 596
588 451
588 283
451 345
451 181
345 589
345 477
589 590
589 403
590 443
590 597
443 591
443 375
591 468
591 276
468 250
468 598
250 221
250 139
221 592
221 238
592 222
592 123
222 54
222 66
54 157
54 179
157 251
157 304
251 147
251 162
147 457
147 448
24 385
19 36
24 425
385 568
385 297
19 57
568 39
568 309
39 430
380 331
39 432
430 62
430 369
380 19
62 50
62 20
50 319
570 416
50 196
319 233
319 497
570 380
233 569
233 27
569 131
495 180
80 226
80 194
226 72
495 570
226 350
72 496
72 239
434 571
496 254
496 215
254 270
434 495
254 306
270 307
270 124
307 390
307 434
587 249
587 251
249 353
249 147
353 257
353 457
257 260
257 593
260 329
260 346
329 266
224 39
432 574
216 335
216 430
335 423
432 369
335 62
423 565
423 50
309 272
565 70
565 319
70 566
309 432
70 233
566 569
292 201
297 573
292 80
201 98
201 226
297 309
98 85
98 72
85 34
425 17
85 496
34 136
34 254
425 297
136 314
136 270
314 77
290 572
314 307
77 107
77 434
290 425
107 256
107 495
256 441
333 296
256 570
441 38
441 380
333 290
38 199
38 19
199 338
57 436
199 57
338 567
338 333
57 333
567 24
567 290
208 189
350 239
208 565
189 133
189 70
194 577
133 566
379 559
379 292
194 350
559 81
559 201
81 560
131 118
81 98
560 69
560 85
27 576
69 103
69 34
103 204
27 131
103 136
204 159
204 314
497 16
159 561
159 77
561 562
497 27
561 107
562 175
562 256
196 145
175 169
175 441
169 122
196 497
169 38
122 33
122 199
20 7
33 128
33 338
128 563
20 196
128 567
563 564
563 24
369 575
564 130
564 385
130 224
369 20
130 568
224 216
144 379
48 87
180 416
48 559
87 348
87 81
571 96
348 116
348 560
116 299
571 180
116 69
299 170
299 103
390 324
170 359
170 204
359 160
390 571
359 159
160 485
160 561
124 301
485 104
485 562
104 59
124 390
104 175
59 482
59 169
306 579
482 558
482 122
558 153
306 124
558 33
153 93
153 128
215 578
93 106
93 563
106 236
215 306
106 564
236 5
236 130
239 3
5 427
5 224
427 134
239 215
427 216
134 111
134 335
350 213
111 208
111 423
10 92
10 116
17 573
92 552
92 299
552 435
572 581
552 170
435 318
435 359
572 17
318 240
318 160
240 553
296 469
240 485
553 176
553 104
296 572
176 554
176 59
554 255
436 56
554 482
255 371
255 558
436 296
371 555
371 153
555 358
36 223
555 93
358 556
358 106
36 436
556 442
556 236
442 557
331 83
442 5
557 286
557 427
331 36
286 15
286 134
15 246
416 580
15 111
246 205
246 208
416 331
205 95
205 189
95 133
180 429
144 48
424 435
125 94
16 576
125 318
94 235
94 240
145 378
235 294
235 553
294 18
145 16
294 176
18 149
18 554
7 212
149 61
149 255
61 547
7 145
61 371
547 264
547 555
575 154
264 548
264 358
548 549
575 7
548 556
549 402
549 442
574 82
402 232
402 557
232 550
574 575
232 286
550 101
550 15
272 334
101 551
101 246
551 498
272 574
551 205
498 95
394 366
573 582
394 144
366 388
366 48
573 272
388 230
388 87
230 10
17 412
230 348
293 235
279 544
279 294
579 127
544 400
544 18
400 115
579 301
400 149
115 261
115 61
578 583
261 330
261 547
330 120
578 579
330 264
120 499
120 548
3 190
499 242
499 549
242 545
3 578
242 402
545 491
545 232
213 450
491 484
491 550
484 437
213 3
484 101
437 105
437 551
577 11
105 498
269 2
269 394
577 213
2 546
2 366
546 51
118 449
546 388
51 135
51 230
576 274
135 220
135 10
220 164
576 118
220 92
164 424
164 552
16 166
424 125
217 31
217 115
31 177
223 342
31 261
177 343
177 330
223 56
343 447
343 120
447 14
83 302
447 499
14 540
14 242
83 223
540 9
540 545
9 109
580 584
9 491
109 393
109 484
580 83
393 541
393 437
541 105
429 351
418 542
418 269
542 203
429 580
542 2
203 218
203 546
96 158
218 543
218 51
543 132
96 429
543 135
132 277
132 220
324 472
277 365
277 164
365 439
324 96
365 424
439 311
439 125
301 407
311 293
311 94
293 279
301 324
336 273
426 370
172 156
172 473
4 222
156 25
426 396
156 188
25 514
25 426
188 376
514 29
514 396
29 515
188 426
29 355
515 138
361 586
515 519
473 268
138 421
138 137
421 88
473 188
421 13
88 516
88 219
273 184
516 517
516 26
361 54
517 340
273 473
517 520
340 349
340 173
263 234
349 352
349 247
352 518
263 273
352 521
518 243
586 587
518 415
185 446
243 112
243 42
112 438
185 263
112 259
438 267
438 464
494 523
267 470
267 63
586 157
470 404
494 185
470 44
404 522
511 25
480 585
512 146
26 119
512 514
146 155
146 29
26 520
155 121
155 515
121 193
219 363
121 138
193 211
480 221
193 421
219 26
211 192
211 88
192 513
13 291
192 516
513 23
513 517
13 219
23 300
23 340
585 4
300 126
137 525
300 349
126 209
126 352
137 13
209 303
209 518
303 387
519 410
303 243
387 171
585 592
387 112
519 137
171 46
171 438
46 41
355 65
46 267
41 37
41 470
355 519
37 404
316 67
4 361
316 494
396 524
67 483
67 185
483 336
396 355
483 263
336 172
271 509
271 121
259 99
509 398
509 193
398 362
259 464
398 211
362 456
302 342
362 192
42 527
456 312
456 513
312 197
42 259
312 23
197 327
197 300
415 58
327 60
327 126
302 468
60 45
415 42
60 209
45 323
45 303
521 308
323 341
323 387
341 444
521 415
341 171
444 163
342 480
444 46
247 332
163 510
163 41
510 37
247 521
310 241
310 316
241 392
173 526
241 67
392 12
342 250
392 483
173 247
12 79
12 336
79 174
520 284
79 172
174 511
174 156
520 173
511 512
285 362
503 32
184 268
503 456
32 504
158 590
32 312
234 55
504 488
504 197
488 414
234 184
488 327
414 252
414 60
446 529
252 89
252 45
351 584
89 191
446 234
89 323
191 417
191 341
523 490
417 73
417 444
73 339
523 446
73 163
339 510
351 443
142 505
522 315
142 310
505 506
505 241
44 528
506 295
506 392
295 507
44 522
295 12
507 78
584 302
507 79
63 253
78 248
78 174
248 508
63 44
248 511
508 151
508 512
464 141
151 262
151 146
584 591
262 271
464 63
262 155
407 472
525 291
410 452
410 525
407 345
65 530
65 410
368 84
368 142
524 200
84 140
84 505
472 158
140 161
524 65
140 506
161 129
161 295
370 465
129 195
129 507
195 501
370 524
195 78
501 75
472 589
501 248
376 382
75 458
75 508
458 49
376 370
458 151
49 91
49 262
268 405
91 433
91 271
158 351
433 502
268 376
433 509
502 285
502 398
184 481
285 503
308 58
332 305
583 127
332 308
526 531
526 332
583 588
284 207
284 526
119 401
127 407
119 284
363 90
363 119
127 451
291 282
291 363
525 71
490 529
315 53
11 466
528 227
528 315
253 489
450 190
253 528
141 492
141 253
450 22
99 245
99 141
527 428
190 583
527 99
58 533
58 527
190 68
308 532
200 530
166 329
465 537
465 200
382 74
274 449
382 465
405 536
405 382
274 266
481 408
481 405
55 460
449 52
55 481
529 535
529 55
11 450
490 534
207 531
401 298
401 207
212 257
90 113
90 401
282 210
378 166
282 90
71 325
71 282
378 260
452 539
452 71
530 178
166 274
530 452
200 538
492 489
245 540
82 154
245 492
428 14
428 245
82 249
533 447
533 428
532 343
154 212
532 533
305 177
305 532
154 353
531 31
531 305
207 217
212 378
113 298
56 480
113 544
298 217
298 400
56 469
210 279
539 325
469 585
539 311
325 210
325 293
469 581
210 113
537 277
538 178
538 365
581 412
178 539
178 439
536 74
536 543
412 582
74 537
74 132
537 538
581 4
582 334
460 408
460 203
408 536
412 361
408 218
53 541
534 535
582 586
534 418
535 460
535 542
492 9
334 587
489 227
489 109
227 53
334 82
227 393
250
1 251
2 252
3 253
4 254
5 255
6 256
7 257
8 258
9 259
10 260
11 261
12 262
13 263
14 264
15 265
16 266
17 267
18 268
19 269
20 270
21 271
22 272
23 273
24 274
25 275
26 276
27 277
28 278
29 279
30 280
31 281
32 282
33 283
34 284
35 285
36 286
37 287
38 288
39 289
40 290
41 291
42 292
43 293
44 294
45 295
46 296
47 297
48 298
49 299
50 300
51 301
52 302
53 303
54 304
55 305
56 306
57 307
58 308
59 309
60 310
61 311
62 312
63 313
64 314
65 315
66 316
67 317
68 318
69 319
70 320
71 321
72 322
73 323
74 324
75 325
76 326
77 327
78 328
79 329
80 330
81 331
82 332
83 333
84 334
85 335
86 336
87 337
88 338
89 339
90 340
91 341
92 342
93 343
94 344
95 345
96 346
97 347
98 348
99 349
100 350
101 351
102 352
103 353
104 354
105 355
106 356
107 357
108 358
109 359
110 360
111 361
112 362
113 363
114 364
115 365
116 366
117 367
118 368
119 369
120 370
121 371
122 372
123 373
124 374
125 375
126 376
127 377
128 378
129 379
130 380
131 381
132 382
133 383
134 384
135 385
136 386
137 387
138 388
139 389
140 390
141 391
142 392
143 393
144 394
145 395
146 396
147 397
148 398
149 399
150 400
151 401
152 402
153 403
154 404
155 405
156 406
157 407
158 408
159 409
160 410
161 411
162 412
163 413
164 414
165 415
166 416
167 417
168 418
169 419
170 420
171 421
172 422
173 423
174 424
175 425
176 426
177 427
178 428
179 429
180 430
181 431
182 432
183 433
184 434
185 435
186 436
187 437
188 438
189 439
190 440
191 441
192 442
193 443
194 444
195 445
196 446
197 447
198 448
199 449
200 450
201 451
202 452
203 453
204 454
205 455
206 456
207 457
208 458
209 459
210 460
211 461
212 462
213 463
214 464
215 465
216 466
217 467
218 468
219 469
220 470
221 471
222 472
223 473
224 474
225 475
226 476
227 477
228 478
229 479
230 480
231 481
232 482
233 483
234 484
235 485
236 486
237 487
238 488
239 489
240 490
241 491
242 492
243 493
244 494
245 495
246 496
247 497
248 498
249 499
250 500