625 1200
373 436
369 127
366 1
1 151
151 5
5 419
419 620
620 421
421 140
140 215
215 331
331 621
621 622
622 623
623 18
18 399
399 624
624 339
339 228
228 20
436 127
20 625
625 479
479 278
255 436
278 255
62 151
49 617
49 5
617 8
617 419
8 281
8 620
281 56
281 421
56 262
56 140
262 341
262 215
341 423
341 331
423 335
423 621
335 618
335 622
618 464
618 623
464 407
464 18
407 163
407 399
163 290
163 624
290 72
290 339
72 619
72 228
619 417
619 20
417 453
417 625
453 483
453 479
483 54
483 278
54 373
54 255
373 369
444 8
240 422
240 281
422 357
422 56
357 612
357 262
612 70
612 341
70 52
70 423
52 613
52 335
613 35
613 618
35 614
35 464
614 121
614 407
121 221
121 163
221 441
221 290
441 485
441 72
485 615
485 619
615 457
615 417
457 237
457 453
237 199
237 483
199 616
199 54
616 50
616 373
50 369
295 144
295 366
144 62
144 1
62 49
336 607
336 612
607 299
607 70
299 275
299 52
275 438
275 613
438 146
438 35
146 471
146 614
471 11
471 121
11 608
11 221
608 609
608 441
609 610
609 485
610 55
610 615
55 611
55 457
611 229
611 237
229 338
229 199
338 387
338 616
387 50
231 304
231 295
304 44
304 144
44 36
44 62
36 197
36 49
197 444
197 617
444 240
145 275
24 602
24 438
602 102
602 146
102 494
102 471
494 116
494 11
116 312
116 608
312 467
312 609
467 424
467 610
424 143
424 55
143 65
143 611
65 374
65 229
374 603
374 338
603 387
440 604
440 231
604 349
604 304
349 605
349 44
605 98
605 36
98 173
98 197
173 465
173 444
465 406
465 240
406 606
406 422
606 336
606 357
123 102
446 95
446 494
95 463
95 116
463 600
463 312
600 495
600 467
495 99
495 424
99 214
99 143
214 395
214 65
395 418
395 374
418 603
447 601
447 440
601 80
601 604
80 209
80 349
209 273
209 605
273 26
273 98
26 202
26 173
202 96
202 465
96 31
96 406
31 28
31 606
28 40
28 336
40 477
40 607
477 145
477 299
145 24
190 147
190 600
147 595
147 495
595 27
595 99
27 393
27 214
393 348
393 395
348 418
450 308
450 447
308 596
308 601
596 32
596 80
32 180
32 209
180 261
180 273
261 42
261 26
42 212
42 202
212 45
212 96
45 597
45 31
597 598
597 28
598 340
598 40
340 599
340 477
599 497
599 145
497 17
497 24
17 123
17 602
123 446
591 27
252 469
252 393
469 348
87 156
87 450
156 60
156 308
60 37
60 596
37 13
37 32
13 133
13 180
133 230
133 261
230 592
230 42
592 327
592 212
327 451
327 45
451 236
451 597
236 350
236 598
350 430
350 340
430 433
430 599
433 224
433 497
224 593
224 17
593 75
593 123
75 267
75 446
267 594
267 95
594 190
594 463
155 239
194 486
155 572
239 4
239 168
194 210
4 259
4 334
259 489
500 217
259 205
489 568
489 481
500 194
568 313
568 445
313 136
211 105
313 187
136 120
136 458
211 500
120 455
120 573
455 318
293 576
294 82
294 574
82 425
293 211
82 575
425 569
425 192
219 125
569 570
569 227
570 268
219 293
570 345
268 571
268 321
571 22
571 219
435 380
435 267
380 177
380 594
177 100
177 190
100 242
100 147
242 591
242 595
591 252
355 259
205 166
484 311
484 489
311 66
205 481
311 568
66 564
66 313
334 41
564 332
564 136
332 204
334 205
332 120
204 455
270 172
168 118
270 294
172 565
172 82
168 334
565 68
565 425
68 246
572 434
68 569
246 566
246 570
572 168
566 279
566 268
279 567
314 579
279 571
567 303
567 219
314 572
303 466
303 293
466 97
223 578
466 211
97 148
97 500
223 314
148 428
148 194
428 29
210 577
428 210
29 410
29 223
210 223
410 155
410 314
558 325
575 192
558 564
325 559
325 332
574 30
559 204
560 73
560 270
574 575
73 128
73 172
128 218
318 582
128 565
218 454
218 68
573 352
454 400
454 246
400 408
573 318
400 566
408 158
408 279
458 265
158 561
158 567
561 498
458 573
561 303
498 562
498 466
187 581
562 288
562 97
288 249
187 458
288 148
249 85
249 428
445 119
85 131
85 29
131 403
445 187
131 410
403 241
403 155
481 580
241 563
241 239
563 355
481 445
563 4
355 484
448 560
470 480
576 105
470 73
480 375
480 128
125 583
375 553
375 218
553 260
125 576
553 454
260 189
260 400
22 213
189 371
189 408
371 554
22 125
371 158
554 39
554 561
321 174
39 160
39 498
160 132
321 22
160 562
132 320
132 288
345 461
320 555
320 249
555 324
345 321
555 85
324 402
324 131
227 179
402 556
402 403
556 557
227 345
556 241
557 468
557 563
192 134
468 328
468 355
328 306
192 227
328 484
306 110
306 311
575 238
110 558
110 66
548 549
548 553
434 118
549 175
549 260
175 157
579 89
175 189
157 437
157 371
579 434
437 176
437 554
176 159
578 57
176 39
159 343
159 160
578 579
343 460
343 132
460 550
577 316
460 320
550 551
550 555
577 578
551 112
551 324
112 58
486 319
112 402
58 234
58 556
486 577
234 38
234 557
38 330
217 12
38 468
330 152
330 328
217 486
152 84
152 306
84 225
105 443
84 110
225 552
225 558
105 217
552 114
552 325
114 559
576 584
448 470
138 157
154 329
265 352
154 437
329 208
329 176
581 376
208 315
208 159
315 19
581 265
315 343
19 546
19 460
119 585
546 472
546 550
472 347
119 581
472 551
347 547
347 112
580 111
547 34
547 58
34 71
580 119
34 234
71 193
71 38
166 257
193 88
193 330
88 285
166 580
88 152
285 391
285 84
41 47
391 302
391 225
302 442
41 166
302 552
442 114
412 414
118 473
412 448
414 43
414 470
118 41
43 298
43 480
298 548
434 385
298 375
449 208
14 317
14 315
461 3
317 86
317 19
86 543
461 174
86 546
543 361
543 472
179 90
361 284
361 347
284 488
179 461
284 547
488 310
488 34
134 586
310 544
310 71
544 280
134 179
544 193
280 124
280 88
238 48
124 292
124 285
292 364
238 134
292 391
364 381
364 302
30 388
381 442
432 282
432 412
30 238
282 232
282 414
232 23
582 263
232 43
23 150
23 298
352 367
150 545
150 548
545 307
352 582
545 549
307 138
307 175
265 81
138 154
291 126
291 543
126 413
319 309
126 361
413 540
413 284
319 316
540 462
540 488
462 170
12 411
462 310
170 426
170 544
12 319
426 439
426 280
439 541
443 587
439 124
541 142
541 292
443 12
142 276
142 364
276 381
584 475
542 78
542 432
78 283
584 443
78 282
283 222
283 232
583 383
222 392
222 23
392 474
583 584
392 150
474 493
474 545
213 452
493 386
493 307
386 416
213 583
386 138
416 377
416 154
174 427
377 449
377 329
449 14
174 213
520 333
394 532
106 353
106 251
589 224
353 401
394 372
353 247
401 198
401 394
247 531
198 272
198 372
272 521
247 394
272 207
521 351
356 590
521 482
251 530
351 522
351 526
522 415
251 247
522 201
415 523
415 274
333 277
523 104
523 527
356 593
104 398
333 251
104 226
398 491
398 528
141 529
491 129
491 107
129 253
141 333
129 359
253 396
590 435
253 25
525 203
396 478
396 186
478 358
525 141
478 74
358 200
358 15
382 370
200 524
200 91
590 75
524 191
382 525
524 499
191 256
363 401
297 588
9 53
527 431
9 198
53 195
53 272
527 226
195 365
195 521
365 342
274 162
365 351
342 149
297 430
342 522
274 527
149 178
149 415
178 515
201 183
178 523
515 516
515 104
201 274
516 517
516 398
588 589
517 518
526 397
517 491
518 476
518 129
526 201
476 519
476 253
519 21
482 322
519 396
21 109
588 433
21 478
482 526
109 113
109 358
113 164
207 216
113 200
164 103
164 524
207 482
103 191
250 135
589 356
250 382
372 384
135 496
135 525
496 520
372 207
496 141
520 106
64 305
64 365
74 196
305 512
305 342
512 63
74 15
512 149
63 61
411 309
63 178
186 16
61 235
61 515
235 289
186 74
235 516
289 83
289 517
25 130
83 459
83 518
411 236
459 7
25 186
459 476
7 287
7 519
359 533
287 94
287 21
94 2
359 25
94 109
2 188
309 297
2 113
107 77
188 165
188 164
165 103
107 359
404 513
404 250
513 514
528 115
513 135
514 79
309 350
514 496
528 107
79 67
79 520
67 362
226 182
67 106
362 363
362 353
226 528
363 9
492 63
6 508
277 530
6 61
508 420
383 592
508 235
529 368
420 76
420 289
76 244
529 277
76 83
244 323
244 459
203 233
323 456
323 7
475 587
456 326
203 529
456 287
326 181
326 94
370 379
181 51
181 2
51 390
370 203
51 188
390 165
475 327
509 409
256 301
509 404
409 296
409 513
499 167
296 344
296 514
344 33
499 256
344 79
33 258
587 411
33 67
91 153
258 271
258 362
271 169
91 499
271 363
169 510
169 9
15 137
510 511
510 53
587 451
511 64
15 91
511 195
427 452
397 183
322 360
322 397
427 133
216 171
216 322
501 139
501 509
384 185
139 206
139 409
452 383
206 502
384 216
206 296
502 59
502 344
532 161
59 503
59 33
503 504
532 384
503 258
504 337
452 230
504 271
531 117
337 505
337 169
505 10
531 532
505 510
10 269
10 511
530 429
269 506
269 64
383 475
506 507
530 531
506 305
507 492
507 512
277 389
492 6
533 130
77 300
90 3
77 533
115 535
115 77
90 37
182 378
182 115
431 184
3 427
431 182
162 534
162 431
3 13
183 92
183 162
397 354
379 233
301 487
388 87
167 101
167 301
153 490
48 586
153 167
137 93
137 153
48 156
196 243
196 137
16 46
586 90
16 196
130 536
130 16
586 60
533 405
185 171
81 591
161 266
161 185
117 286
367 263
117 161
429 69
429 117
367 252
389 537
389 429
368 346
263 469
368 389
233 264
233 368
388 48
379 108
378 535
184 122
184 378
585 100
534 248
534 184
92 539
376 81
92 534
354 245
354 92
376 242
360 538
360 354
171 254
81 367
171 360
185 220
93 490
243 426
257 111
243 93
46 170
46 243
257 380
536 462
536 46
405 540
111 585
405 536
300 413
300 405
111 177
535 126
535 300
378 291
585 376
248 122
316 297
248 317
122 291
122 86
316 57
539 14
538 245
57 588
538 377
245 539
245 449
57 89
539 248
266 493
220 254
220 386
89 385
254 538
254 416
69 286
69 392
385 473
286 266
286 474
266 220
89 589
473 47
346 537
346 283
537 69
385 356
537 222
487 276
108 264
473 590
108 542
264 346
264 78
93 439
47 435
490 101
490 541
101 487
47 257
101 142
250
1 251
2 252
3 253
4 254
5 255
6 256
7 257
8 258
9 259
10 260
11 261
12 262
13 263
14 264
15 265
16 266
17 267
18 268
19 269
20 270
21 271
22 272
23 273
24 274
25 275
26 276
27 277
28 278
29 279
30 280
31 281
32 282
33 283
34 284
35 285
36 286
37 287
38 288
39 289
40 290
41 291
42 292
43 293
44 294
45 295
46 296
47 297
48 298
49 299
50 300
51 301
52 302
53 303
54 304
55 305
56 306
57 307
58 308
59 309
60 310
61 311
62 312
63 313
64 314
65 315
66 316
67 317
68 318
69 319
70 320
71 321
72 322
73 323
74 324
75 325
76 326
77 327
78 328
79 329
80 330
81 331
82 332
83 333
84 334
85 335
86 336
87 337
88 338
89 339
90 340
91 341
92 342
93 343
94 344
95 345
96 346
97 347
98 348
99 349
100 350
101 351
102 352
103 353
104 354
105 355
106 356
107 357
108 358
109 359
110 360
111 361
112 362
113 363
114 364
115 365
116 366
117 367
118 368
119 369
120 370
121 371
122 372
123 373
124 374
125 375
126 376
127 377
128 378
129 379
130 380
131 381
132 382
133 383
134 384
135 385
136 386
137 387
138 388
139 389
140 390
141 391
142 392
143 393
144 394
145 395
146 396
147 397
148 398
149 399
150 400
151 401
152 402
153 403
154 404
155 405
156 406
157 407
158 408
159 409
160 410
161 411
162 412
163 413
164 414
165 415
166 416
167 417
168 418
169 419
170 420
171 421
172 422
173 423
174 424
175 425
176 426
177 427
178 428
179 429
180 430
181 431
182 432
183 433
184 434
185 435
186 436
187 437
188 438
189 439
190 440
191 441
192 442
193 443
194 444
195 445
196 446
197 447
198 448
199 449
200 450
201 451
202 452
203 453
204 454
205 455
206 456
207 457
208 458
209 459
210 460
211 461
212 462
213 463
214 464
215 465
216 466
217 467
218 468
219 469
220 470
221 471
222 472
223 473
224 474
225 475
226 476
227 477
228 478
229 479
230 480
231 481
232 482
233 483
234 484
235 485
236 486
237 487
238 488
239 489
240 490
241 491
242 492
243 493
244 494
245 495
246 496
247 497
248 498
249 499
250 500