625 1200
252 56
307 330
135 620
620 621
621 243
243 159
159 622
622 403
403 295
295 32
32 42
42 623
623 465
465 37
37 24
24 170
170 262
262 164
164 439
439 624
56 330
624 625
625 292
292 86
129 56
86 129
310 621
19 239
19 243
239 293
239 159
293 454
293 622
454 500
454 403
500 191
500 295
191 35
191 32
35 302
35 42
302 496
302 623
496 110
496 465
110 318
110 37
318 616
318 24
616 617
616 170
617 178
617 262
178 479
178 164
479 618
479 439
618 213
618 624
213 331
213 625
331 619
331 292
619 418
619 86
418 252
418 129
252 307
613 293
188 499
188 454
499 198
499 500
198 408
198 191
408 317
408 35
317 294
317 302
294 614
294 496
614 81
614 110
81 320
81 318
320 415
320 616
415 255
415 617
255 615
255 178
615 417
615 479
417 195
417 618
195 379
195 213
379 340
379 331
340 168
340 619
168 106
168 418
106 277
106 252
277 307
279 121
279 135
121 310
121 620
310 19
31 608
31 408
608 275
608 317
275 314
275 294
314 260
314 614
260 609
260 81
609 183
609 320
183 342
183 415
342 273
342 255
273 151
273 615
151 610
151 417
610 140
610 195
140 157
140 379
157 611
157 340
611 95
611 168
95 207
95 106
207 277
230 137
230 279
137 378
137 121
378 425
378 310
425 612
425 19
612 613
612 239
613 188
603 314
345 322
345 260
322 347
322 609
347 604
347 183
604 227
604 342
227 489
227 273
489 286
489 151
286 212
286 610
212 249
212 140
249 404
249 157
404 605
404 611
605 606
605 95
606 207
269 400
269 230
400 297
400 137
297 258
297 378
258 311
258 425
311 607
311 612
607 324
607 613
324 231
324 188
231 62
231 499
62 31
62 198
598 347
49 375
49 604
375 66
375 227
66 599
66 489
599 348
599 286
348 600
348 212
600 128
600 249
128 246
128 404
246 301
246 605
301 606
357 423
357 269
423 267
423 400
267 196
267 297
196 601
196 258
601 602
601 311
602 356
602 607
356 58
356 324
58 197
58 231
197 457
197 62
457 391
457 31
391 167
391 608
167 603
167 275
603 345
467 91
467 599
91 409
91 348
409 447
409 600
447 152
447 128
152 595
152 246
595 301
219 596
219 357
596 20
596 423
20 69
20 267
69 87
69 196
87 494
87 601
494 248
494 602
248 464
248 356
464 28
464 58
28 11
28 197
11 597
11 457
597 150
597 391
150 385
150 167
385 315
385 603
315 232
315 345
232 598
232 322
598 49
18 447
587 367
587 152
367 595
344 130
344 219
130 434
130 596
434 142
434 20
142 588
142 69
588 116
588 87
116 30
116 494
30 361
30 248
361 589
361 464
589 346
589 28
346 590
346 11
590 591
590 597
591 446
591 150
446 592
446 385
592 155
592 315
155 593
155 232
593 486
593 598
486 594
486 49
594 450
594 375
450 467
450 66
470 568
201 579
470 574
568 569
568 575
201 287
569 85
569 460
85 435
573 440
85 194
435 359
435 12
573 201
359 266
359 576
266 281
411 64
266 45
281 338
281 304
411 573
338 192
338 171
192 577
325 428
123 570
123 578
570 571
325 411
570 51
571 76
571 482
240 387
76 572
76 319
572 354
240 325
572 290
354 187
354 202
187 146
187 240
372 414
372 594
414 278
414 450
278 444
278 467
444 184
444 91
184 18
184 409
18 587
563 85
194 449
335 564
335 435
564 565
194 12
564 359
565 492
565 266
460 261
492 14
492 281
14 566
460 194
14 338
566 192
216 115
575 48
216 123
115 1
115 570
575 460
1 122
1 571
122 60
574 117
122 76
60 78
60 572
574 575
78 105
78 354
105 149
165 25
105 187
149 477
149 240
165 574
477 567
477 325
567 153
101 373
567 411
153 3
153 573
101 165
3 241
3 201
241 228
287 333
241 287
228 413
228 101
287 101
413 470
413 165
16 481
51 482
16 492
481 251
481 14
578 386
251 566
557 210
557 216
578 51
210 54
210 115
54 177
577 374
54 1
177 366
177 122
171 47
366 558
366 60
558 559
171 577
558 78
559 217
559 105
304 154
217 560
217 149
560 328
304 171
560 477
328 561
328 567
45 23
561 323
561 153
323 424
45 304
323 3
424 46
424 241
576 445
46 34
46 228
34 420
576 45
34 413
420 455
420 470
12 431
455 562
455 568
562 563
12 576
562 569
563 335
271 557
120 390
428 64
120 210
390 173
390 54
387 581
173 458
173 177
458 473
387 428
458 366
473 250
473 558
146 57
250 554
250 559
554 555
146 387
554 217
555 203
555 560
202 313
203 556
203 328
556 174
202 146
556 561
174 406
174 323
290 229
406 131
406 424
131 352
290 202
131 46
352 453
352 34
319 580
453 247
453 420
247 360
319 290
247 455
360 136
360 562
482 421
136 33
136 563
33 162
482 319
33 335
162 190
162 564
51 223
190 16
190 565
368 376
368 458
117 48
376 108
376 473
108 265
25 430
108 250
265 141
265 554
25 117
141 485
141 555
485 550
373 125
485 203
550 199
550 556
373 25
199 309
199 174
309 551
333 582
309 406
551 148
551 131
333 373
148 75
148 352
75 490
579 59
75 453
490 399
490 247
579 333
399 72
399 360
72 145
440 337
72 136
145 552
145 33
440 579
552 9
552 162
9 39
64 96
9 190
39 43
39 16
64 440
43 553
43 481
553 251
428 436
271 120
401 265
98 483
154 47
98 141
483 126
483 485
23 238
126 461
126 550
461 104
23 154
461 199
104 381
104 309
445 127
381 186
381 551
186 541
445 23
186 148
541 305
541 75
431 474
305 542
305 490
542 543
431 445
542 399
543 169
543 72
449 498
169 544
169 145
544 545
449 431
544 552
545 206
545 9
261 382
206 546
206 39
546 547
261 449
546 43
547 553
548 6
48 463
548 271
6 97
6 120
48 261
97 549
97 390
549 368
117 211
549 173
306 126
472 282
472 461
229 321
282 205
282 104
205 285
229 313
205 381
285 538
285 186
580 585
538 133
538 541
133 158
580 229
133 305
158 118
158 542
421 584
118 144
118 543
144 539
421 580
144 169
539 74
539 544
223 244
74 80
74 545
80 143
223 421
80 206
143 540
143 546
386 175
540 547
259 316
259 548
386 223
316 138
316 6
138 437
374 27
138 97
437 412
437 549
47 583
412 410
412 368
410 222
47 374
410 376
222 401
222 108
154 388
401 98
2 351
2 285
351 488
59 8
351 538
488 371
488 133
59 582
371 370
371 158
370 268
337 586
370 118
268 535
268 144
337 59
535 176
535 539
176 225
96 103
176 74
225 185
225 80
96 337
185 396
185 143
396 540
436 427
355 111
355 259
111 419
436 96
111 316
419 491
419 138
581 83
491 272
491 437
272 107
581 436
272 412
107 40
107 410
57 353
40 5
40 222
5 536
57 581
5 401
536 537
536 98
313 395
537 306
537 483
306 472
313 57
179 77
204 475
369 53
369 365
189 155
53 343
204 134
53 495
343 70
343 204
495 522
70 341
70 134
341 515
495 204
341 448
515 398
288 67
515 466
365 521
398 220
398 476
220 516
365 495
220 21
516 517
516 407
77 89
517 264
517 442
288 593
264 139
77 365
264 520
139 88
139 484
478 242
88 71
88 44
71 326
478 77
71 441
326 487
67 372
326 339
519 327
487 518
487 92
518 429
519 478
518 26
429 405
429 270
147 364
405 350
405 36
67 486
350 451
147 519
350 181
451 65
112 343
312 452
17 214
442 221
17 70
214 334
214 341
442 520
334 234
334 515
234 392
407 233
234 398
392 253
312 446
392 220
407 442
253 218
253 516
218 509
21 524
218 517
509 510
509 264
21 407
510 73
510 139
452 189
73 511
476 94
73 88
511 308
511 71
476 21
308 257
308 326
257 512
466 224
257 487
512 513
452 592
512 518
466 476
513 468
513 429
468 377
448 380
468 405
377 303
377 350
448 466
303 451
514 15
189 288
514 147
134 523
15 254
15 519
254 179
134 448
254 478
179 369
93 7
93 234
26 459
7 469
7 392
469 493
26 270
469 253
493 236
586 8
493 218
92 208
236 507
236 509
507 215
92 26
507 510
215 226
215 73
339 113
226 389
226 511
586 590
389 383
339 92
389 308
383 63
383 257
441 79
63 41
63 512
41 508
441 339
41 513
508 109
8 312
508 468
44 166
109 433
109 377
433 303
44 441
416 497
416 514
497 235
484 10
497 15
235 298
8 591
235 254
484 44
298 394
298 179
394 384
520 160
394 369
384 112
384 53
520 484
112 17
393 493
332 502
89 521
332 236
502 329
83 361
502 507
242 280
329 358
329 215
358 503
242 89
358 226
503 156
503 389
327 438
156 263
156 383
427 103
263 349
327 242
263 63
349 504
349 41
364 283
504 336
504 508
336 193
364 327
336 109
193 433
427 589
13 505
65 291
13 416
505 402
505 497
181 55
402 52
402 235
52 161
181 65
52 298
161 284
103 586
161 394
36 525
284 163
284 384
163 119
36 181
163 112
119 506
119 17
270 68
506 90
506 214
103 346
90 93
270 36
90 334
395 353
94 524
224 276
224 94
395 116
380 528
380 224
501 480
501 13
523 527
480 182
480 505
353 83
182 29
523 380
182 402
29 422
29 52
475 274
422 237
422 161
237 84
475 523
237 284
84 289
353 30
84 163
522 526
289 100
289 119
100 462
522 475
100 506
462 172
462 90
521 38
172 256
172 93
83 427
256 397
521 522
256 7
397 393
397 469
89 245
393 332
79 113
166 529
585 321
166 79
10 61
10 166
585 142
160 209
160 10
221 299
321 395
221 160
233 363
233 221
321 588
524 426
524 233
94 362
283 438
291 82
175 344
55 200
55 291
525 471
244 584
525 55
68 50
68 525
244 130
459 4
459 68
208 443
584 585
208 459
113 296
113 208
584 434
79 530
527 528
388 18
274 99
274 527
526 22
583 27
526 274
38 102
38 526
583 587
245 124
245 38
280 532
27 367
280 245
438 114
438 280
175 244
283 531
209 61
299 132
299 209
127 444
363 300
363 299
426 534
238 388
426 363
362 180
362 426
238 184
276 533
276 362
528 432
388 583
528 276
527 456
50 471
4 535
498 474
4 50
443 268
443 4
498 414
296 370
296 443
530 371
474 127
530 296
529 488
529 530
474 278
61 351
61 529
209 2
127 238
300 132
582 312
300 282
132 2
132 205
582 125
534 472
533 180
125 452
533 537
180 534
180 306
125 430
534 300
99 40
456 432
456 5
430 211
432 533
432 536
102 22
102 272
211 463
22 99
22 107
99 456
430 189
463 382
532 124
532 419
124 102
211 288
124 491
82 396
531 114
463 67
531 355
114 532
114 111
50 176
382 372
471 200
471 225
200 82
382 498
200 185
250
1 251
2 252
3 253
4 254
5 255
6 256
7 257
8 258
9 259
10 260
11 261
12 262
13 263
14 264
15 265
16 266
17 267
18 268
19 269
20 270
21 271
22 272
23 273
24 274
25 275
26 276
27 277
28 278
29 279
30 280
31 281
32 282
33 283
34 284
35 285
36 286
37 287
38 288
39 289
40 290
41 291
42 292
43 293
44 294
45 295
46 296
47 297
48 298
49 299
50 300
51 301
52 302
53 303
54 304
55 305
56 306
57 307
58 308
59 309
60 310
61 311
62 312
63 313
64 314
65 315
66 316
67 317
68 318
69 319
70 320
71 321
72 322
73 323
74 324
75 325
76 326
77 327
78 328
79 329
80 330
81 331
82 332
83 333
84 334
85 335
86 336
87 337
88 338
89 339
90 340
91 341
92 342
93 343
94 344
95 345
96 346
97 347
98 348
99 349
100 350
101 351
102 352
103 353
104 354
105 355
106 356
107 357
108 358
109 359
110 360
111 361
112 362
113 363
114 364
115 365
116 366
117 367
118 368
119 369
120 370
121 371
122 372
123 373
124 374
125 375
126 376
127 377
128 378
129 379
130 380
131 381
132 382
133 383
134 384
135 385
136 386
137 387
138 388
139 389
140 390
141 391
142 392
143 393
144 394
145 395
146 396
147 397
148 398
149 399
150 400
151 401
152 402
153 403
154 404
155 405
156 406
157 407
158 408
159 409
160 410
161 411
162 412
163 413
164 414
165 415
166 416
167 417
168 418
169 419
170 420
171 421
172 422
173 423
174 424
175 425
176 426
177 427
178 428
179 429
180 430
181 431
182 432
183 433
184 434
185 435
186 436
187 437
188 438
189 439
190 440
191 441
192 442
193 443
194 444
195 445
196 446
197 447
198 448
199 449
200 450
201 451
202 452
203 453
204 454
205 455
206 456
207 457
208 458
209 459
210 460
211 461
212 462
213 463
214 464
215 465
216 466
217 467
218 468
219 469
220 470
221 471
222 472
223 473
224 474
225 475
226 476
227 477
228 478
229 479
230 480
231 481
232 482
233 483
234 484
235 485
236 486
237 487
238 488
239 489
240 490
241 491
242 492
243 493
244 494
245 495
246 496
247 497
248 498
249 499
250 500