625 1200
262 171
619 301
620 320
320 621
621 241
241 219
219 265
265 154
154 61
61 115
115 622
622 371
371 92
92 380
380 105
105 89
89 375
375 623
623 207
207 624
171 301
624 170
170 625
625 392
234 171
392 234
492 621
176 387
176 241
387 613
387 219
613 614
613 265
614 615
614 154
615 426
615 61
426 616
426 115
616 462
616 622
462 617
462 371
617 358
617 92
358 618
358 380
618 125
618 105
125 300
125 89
300 404
300 375
404 206
404 623
206 6
206 207
6 78
6 624
78 287
78 170
287 129
287 625
129 37
129 392
37 262
37 234
262 619
145 613
102 284
102 614
284 326
284 615
326 608
326 426
608 446
608 616
446 120
446 462
120 465
120 617
465 52
465 358
52 483
52 618
483 609
483 125
609 24
609 300
24 610
24 404
610 327
610 206
327 15
327 6
15 611
15 78
611 419
611 287
419 310
419 129
310 96
310 37
96 70
96 262
70 619
612 58
612 620
58 492
58 320
492 176
157 293
157 608
293 193
293 446
193 495
193 120
495 433
495 465
433 181
433 52
181 202
181 483
202 363
202 609
363 178
363 24
178 71
178 610
71 445
71 327
445 194
445 15
194 244
194 611
244 56
244 419
56 311
56 310
311 607
311 96
607 70
119 466
119 612
466 490
466 58
490 108
490 492
108 128
108 176
128 145
128 387
145 102
225 495
79 183
79 433
183 209
183 181
209 26
209 202
26 41
26 363
41 351
41 178
351 365
351 71
365 297
365 445
297 231
297 194
231 173
231 244
173 240
173 56
240 286
240 311
286 607
159 381
159 119
381 605
381 466
605 63
605 490
63 111
63 108
111 463
111 128
463 394
463 145
394 113
394 102
113 606
113 284
606 157
606 326
601 209
167 384
167 26
384 602
384 41
602 388
602 351
388 210
388 365
210 271
210 297
271 603
271 231
603 468
603 173
468 220
468 240
220 286
12 248
12 159
248 343
248 381
343 21
343 605
21 604
21 63
604 182
604 111
182 340
182 463
340 211
340 394
211 364
211 113
364 313
364 606
313 282
313 157
282 229
282 293
229 225
229 193
225 79
485 239
485 388
239 422
239 210
422 253
422 271
253 308
253 603
308 40
308 468
40 220
74 16
74 12
16 186
16 248
186 51
186 343
51 189
51 21
189 304
189 604
304 598
304 182
598 414
598 340
414 599
414 211
599 302
599 364
302 11
302 313
11 473
11 282
473 478
473 229
478 600
478 225
600 467
600 79
467 601
467 183
601 167
383 253
357 451
357 308
451 40
590 591
590 74
591 592
591 16
592 418
592 186
418 377
418 51
377 593
377 189
593 221
593 304
221 594
221 598
594 368
594 414
368 398
368 599
398 595
398 302
595 294
595 11
294 288
294 473
288 596
288 478
596 198
596 600
198 336
198 467
336 356
336 601
356 597
356 167
597 232
597 384
232 485
232 602
266 412
283 199
266 321
412 274
412 572
283 278
274 569
274 366
569 33
123 577
569 279
33 215
33 573
123 283
215 374
215 166
374 204
339 417
374 481
204 1
204 45
339 123
1 72
1 574
72 385
218 424
497 316
497 169
316 335
218 339
316 285
335 570
335 575
315 576
570 480
570 197
480 571
315 218
480 252
571 450
571 403
450 85
450 315
588 589
588 597
589 399
589 232
399 208
399 485
208 390
208 239
390 383
390 422
383 357
243 569
279 579
13 564
13 33
564 565
279 573
564 215
565 420
565 374
366 14
420 42
420 204
42 360
366 279
42 1
360 72
566 567
572 578
566 497
567 407
567 316
572 366
407 275
407 335
275 488
321 475
275 570
488 400
488 480
321 572
400 175
400 571
175 22
443 344
175 450
22 19
22 315
443 321
19 386
19 218
386 142
361 406
386 339
142 496
142 123
361 443
496 233
496 283
233 568
278 307
233 278
568 471
568 361
278 361
471 266
471 443
23 161
285 575
23 420
161 560
161 42
169 5
560 360
160 83
160 566
169 285
83 94
83 567
94 126
385 415
94 407
126 352
126 275
574 90
352 4
352 488
4 362
574 385
4 400
362 38
362 175
45 299
38 57
38 22
57 461
45 574
57 19
461 455
461 386
481 217
455 267
455 142
267 86
481 45
267 496
86 561
86 233
166 68
561 168
561 568
168 499
166 481
168 471
499 562
499 266
573 281
562 563
562 412
563 243
573 166
563 274
243 13
152 160
118 376
424 417
118 83
376 439
376 94
576 582
439 557
439 126
557 442
576 424
557 352
442 425
442 4
85 581
425 8
425 362
8 270
85 576
8 38
270 214
270 57
403 440
214 223
214 461
223 448
403 85
223 455
448 558
448 267
252 410
558 36
558 86
36 153
252 403
36 561
153 81
153 168
197 64
81 200
81 499
200 323
197 252
200 562
323 559
323 563
575 477
559 190
559 243
190 20
575 197
190 13
20 289
20 564
285 580
289 23
289 565
317 555
317 557
475 578
555 556
555 442
556 402
344 585
556 425
402 114
402 8
344 475
114 35
114 270
35 472
406 584
35 214
472 464
472 223
406 344
464 346
464 448
346 489
307 389
346 558
489 432
489 36
307 406
432 104
432 153
104 93
199 131
104 81
93 393
93 200
199 307
393 95
393 323
95 165
577 427
95 559
165 457
165 190
577 199
457 242
457 20
242 255
417 583
242 289
255 66
255 23
417 577
66 2
66 161
2 560
424 50
152 118
341 402
551 9
299 90
551 114
9 135
9 35
217 303
135 256
135 472
256 180
217 299
256 464
180 373
180 346
68 586
373 552
373 489
552 355
68 217
552 432
355 438
355 104
281 421
438 245
438 93
245 27
281 68
245 393
27 238
27 95
579 150
238 553
238 165
553 397
579 281
553 457
397 187
397 242
14 73
187 411
187 255
411 449
14 579
411 66
449 2
291 127
578 378
291 152
127 554
127 118
578 14
554 314
554 376
314 317
475 330
314 439
474 135
413 260
413 256
410 227
260 453
260 180
453 547
410 440
453 373
547 334
547 552
64 28
334 548
334 355
548 201
64 410
548 438
201 437
201 245
477 259
437 188
437 27
188 84
477 64
188 238
84 370
84 553
580 140
370 324
370 397
324 500
580 477
324 187
500 29
500 411
5 280
29 449
549 100
549 291
5 580
100 53
100 127
53 147
415 328
53 554
147 295
147 314
90 257
295 431
295 317
431 550
90 415
431 555
550 341
550 556
299 109
341 551
332 172
332 547
172 25
131 212
172 334
25 247
25 548
131 389
247 235
247 201
235 486
427 441
235 437
486 138
486 188
427 131
138 249
138 84
249 296
583 329
249 370
296 487
296 324
583 427
487 544
487 500
544 29
50 177
545 456
545 549
456 137
50 583
456 100
137 546
137 53
582 77
546 236
546 147
236 408
582 50
236 295
408 195
408 431
581 587
195 146
195 550
146 185
581 582
146 341
185 155
185 551
440 372
155 474
155 9
474 413
440 581
318 103
522 261
18 55
18 222
196 198
55 106
522 312
55 158
106 298
106 522
158 531
298 518
298 312
518 132
158 522
518 523
132 349
88 264
132 454
222 48
349 309
349 17
309 163
222 158
309 369
163 98
163 524
103 337
98 143
98 525
88 336
143 141
103 222
143 526
141 134
141 254
429 46
134 54
134 527
54 122
429 103
54 528
122 228
264 588
122 191
379 116
228 519
228 62
519 124
379 429
519 529
124 520
124 87
112 263
520 521
520 530
264 356
521 39
112 379
521 59
39 69
331 106
47 121
224 117
525 533
224 298
117 139
117 518
525 526
139 246
139 132
246 470
524 494
246 349
470 251
47 288
470 309
524 525
251 156
251 163
156 514
369 532
156 98
514 213
514 143
369 524
213 276
213 141
121 196
276 515
17 67
276 134
515 367
515 54
17 369
367 435
367 122
435 32
454 469
435 228
32 516
121 596
32 519
454 17
516 107
516 124
107 517
523 3
107 520
517 319
517 521
523 454
319 39
192 290
196 88
192 112
312 226
290 428
290 379
428 318
312 523
428 429
318 18
447 348
447 246
529 350
348 484
348 470
484 306
529 87
484 251
306 509
441 212
306 156
62 535
509 423
509 514
423 110
62 529
423 213
110 230
110 276
191 444
230 498
230 515
441 595
498 510
191 62
498 367
510 511
510 435
528 534
511 354
511 32
354 458
528 191
354 516
458 512
212 47
458 107
527 75
512 342
512 517
342 319
527 528
513 65
513 192
65 97
254 258
65 290
97 459
212 294
97 428
254 527
459 31
459 318
31 277
526 347
31 18
277 331
277 55
526 254
331 224
216 306
162 10
337 48
162 509
10 395
77 594
10 423
46 91
395 99
395 110
99 391
46 337
99 230
391 345
391 498
116 151
345 43
345 510
177 329
43 434
116 46
43 511
434 80
434 354
263 237
80 430
80 458
430 250
263 116
430 512
250 342
177 368
333 130
69 536
333 513
130 476
130 65
59 325
476 148
476 97
148 479
59 69
148 459
479 436
329 441
479 31
530 359
436 179
436 277
179 493
530 59
179 331
493 405
493 224
87 174
405 508
405 117
329 398
508 447
87 530
508 139
372 587
67 532
469 205
469 67
372 593
3 305
3 469
491 501
491 333
226 76
501 401
501 130
587 77
401 382
226 3
401 476
382 60
382 148
261 452
60 502
60 479
502 503
261 226
502 436
503 504
587 221
503 179
531 30
504 505
504 493
505 203
531 261
505 405
203 506
203 508
48 537
506 136
506 447
77 177
136 507
48 531
136 348
507 216
507 484
337 82
216 162
534 444
75 133
28 227
75 534
258 353
258 75
28 418
347 396
347 258
533 539
227 372
533 347
494 538
494 533
227 377
532 269
532 494
67 44
237 151
536 49
280 590
325 144
325 536
359 460
140 259
359 325
174 7
174 359
140 591
350 149
350 174
535 416
259 28
535 350
444 164
444 535
259 592
534 34
76 305
109 383
452 338
452 76
30 409
257 328
30 452
537 273
537 30
257 357
82 540
82 537
91 268
328 451
91 82
151 101
151 91
280 140
237 292
396 353
539 543
539 396
586 208
538 542
538 539
269 482
303 109
269 538
44 541
44 269
303 390
205 272
205 44
305 184
109 257
305 205
76 322
7 460
149 138
150 421
149 7
416 486
416 149
150 589
164 235
164 416
34 247
421 586
34 164
133 25
133 34
421 399
353 172
353 133
396 332
586 303
542 543
389 47
542 260
543 332
543 453
389 584
482 413
272 541
584 121
272 155
541 482
541 474
584 585
482 542
338 195
322 184
322 146
585 330
184 272
184 185
273 409
273 236
330 378
409 338
409 408
338 322
585 196
378 73
268 540
268 137
540 273
330 88
540 546
49 544
292 101
378 264
292 545
101 268
101 456
7 249
73 588
460 144
460 296
144 49
73 150
144 487
250
1 251
2 252
3 253
4 254
5 255
6 256
7 257
8 258
9 259
10 260
11 261
12 262
13 263
14 264
15 265
16 266
17 267
18 268
19 269
20 270
21 271
22 272
23 273
24 274
25 275
26 276
27 277
28 278
29 279
30 280
31 281
32 282
33 283
34 284
35 285
36 286
37 287
38 288
39 289
40 290
41 291
42 292
43 293
44 294
45 295
46 296
47 297
48 298
49 299
50 300
51 301
52 302
53 303
54 304
55 305
56 306
57 307
58 308
59 309
60 310
61 311
62 312
63 313
64 314
65 315
66 316
67 317
68 318
69 319
70 320
71 321
72 322
73 323
74 324
75 325
76 326
77 327
78 328
79 329
80 330
81 331
82 332
83 333
84 334
85 335
86 336
87 337
88 338
89 339
90 340
91 341
92 342
93 343
94 344
95 345
96 346
97 347
98 348
99 349
100 350
101 351
102 352
103 353
104 354
105 355
106 356
107 357
108 358
109 359
110 360
111 361
112 362
113 363
114 364
115 365
116 366
117 367
118 368
119 369
120 370
121 371
122 372
123 373
124 374
125 375
126 376
127 377
128 378
129 379
130 380
131 381
132 382
133 383
134 384
135 385
136 386
137 387
138 388
139 389
140 390
141 391
142 392
143 393
144 394
145 395
146 396
147 397
148 398
149 399
150 400
151 401
152 402
153 403
154 404
155 405
156 406
157 407
158 408
159 409
160 410
161 411
162 412
163 413
164 414
165 415
166 416
167 417
168 418
169 419
170 420
171 421
172 422
173 423
174 424
175 425
176 426
177 427
178 428
179 429
180 430
181 431
182 432
183 433
184 434
185 435
186 436
187 437
188 438
189 439
190 440
191 441
192 442
193 443
194 444
195 445
196 446
197 447
198 448
199 449
200 450
201 451
202 452
203 453
204 454
205 455
206 456
207 457
208 458
209 459
210 460
211 461
212 462
213 463
214 464
215 465
216 466
217 467
218 468
219 469
220 470
221 471
222 472
223 473
224 474
225 475
226 476
227 477
228 478
229 479
230 480
231 481
232 482
233 483
234 484
235 485
236 486
237 487
238 488
239 489
240 490
241 491
242 492
243 493
244 494
245 495
246 496
247 497
248 498
249 499
250 500