625 1200
165 187
303 473
619 620
620 3
3 621
621 622
622 124
124 478
478 623
623 624
624 8
8 29
29 18
18 485
485 287
287 277
277 385
385 158
158 28
28 241
187 473
241 384
384 625
625 65
307 187
65 307
59 3
62 614
62 621
614 406
614 622
406 132
406 124
132 201
132 478
201 615
201 623
615 436
615 624
436 616
436 8
616 390
616 29
390 50
390 18
50 19
50 485
19 353
19 287
353 617
353 277
617 116
617 385
116 31
116 158
31 458
31 28
458 278
458 241
278 618
278 384
618 48
618 625
48 476
48 65
476 165
476 307
165 303
4 406
610 302
610 132
302 85
302 201
85 469
85 615
469 5
469 436
5 319
5 616
319 443
319 390
443 80
443 50
80 95
80 19
95 90
95 353
90 611
90 617
611 175
611 116
175 403
175 31
403 612
403 458
612 139
612 278
139 613
139 618
613 194
613 48
194 347
194 476
347 496
347 165
496 303
88 337
88 619
337 59
337 620
59 62
401 143
401 469
143 606
143 5
606 410
606 319
410 195
410 443
195 41
195 80
41 405
41 95
405 397
405 90
397 74
397 611
74 607
74 175
607 420
607 403
420 495
420 612
495 138
495 139
138 102
138 613
102 44
102 194
44 71
44 347
71 496
9 608
9 88
608 183
608 337
183 492
183 59
492 609
492 62
609 4
609 614
4 610
239 410
345 373
345 195
373 174
373 41
174 35
174 405
35 602
35 397
602 40
602 74
40 243
40 607
243 479
243 420
479 259
479 495
259 430
259 138
430 100
430 102
100 603
100 44
603 71
359 179
359 9
179 604
179 608
604 26
604 183
26 368
26 492
368 203
368 609
203 605
203 4
605 111
605 610
111 148
111 302
148 401
148 85
598 174
117 130
117 35
130 147
130 602
147 93
147 40
93 269
93 243
269 599
269 479
599 103
599 259
103 600
103 430
600 339
600 100
339 603
356 452
356 359
452 81
452 179
81 251
81 604
251 322
251 26
322 340
322 368
340 205
340 203
205 237
205 605
237 49
237 111
49 422
49 148
422 601
422 401
601 242
601 143
242 239
242 606
239 345
27 594
27 93
594 15
594 269
15 286
15 599
286 494
286 103
494 481
494 600
481 339
252 119
252 356
119 461
119 452
461 595
461 81
595 308
595 251
308 351
308 322
351 24
351 340
24 427
24 205
427 404
427 237
404 596
404 49
596 276
596 422
276 300
276 601
300 597
300 242
597 160
597 239
160 79
160 345
79 598
79 373
598 117
587 286
338 588
338 494
588 481
477 589
477 252
589 450
589 119
450 107
450 461
107 52
107 595
52 590
52 308
590 87
590 351
87 211
87 24
211 313
211 427
313 591
313 404
591 592
591 596
592 415
592 276
415 295
415 300
295 285
295 597
285 37
285 160
37 137
37 79
137 593
137 598
593 380
593 117
380 288
380 130
288 27
288 147
233 263
56 72
233 131
263 464
263 192
56 349
464 381
464 176
381 55
573 246
381 331
55 472
55 575
573 56
472 238
472 409
238 571
468 580
238 576
571 366
571 122
468 573
366 101
366 577
101 453
46 218
440 39
440 67
39 97
46 468
39 76
97 172
97 578
499 270
172 466
172 98
466 572
499 46
466 579
572 113
572 177
113 247
113 499
268 425
268 380
425 91
425 288
91 387
91 27
387 266
387 594
266 587
266 15
587 338
190 381
331 214
564 411
564 55
411 489
331 575
411 472
489 432
489 238
176 142
432 565
432 571
565 566
176 331
565 366
566 101
439 567
192 164
439 440
567 310
567 39
192 176
310 568
310 97
568 455
131 261
568 172
455 12
455 466
131 192
12 154
12 572
154 336
574 63
154 113
336 569
336 499
574 131
569 305
569 46
305 493
197 254
305 468
493 570
493 573
197 574
570 38
570 56
38 258
349 581
38 349
258 244
258 197
349 197
244 233
244 574
217 280
76 578
217 432
280 248
280 565
67 43
248 566
108 560
108 439
67 76
560 474
560 567
474 283
453 342
474 310
283 317
283 568
577 64
317 118
317 455
118 371
577 453
118 12
371 219
371 154
122 181
219 451
219 336
451 25
122 577
451 569
25 561
25 305
576 383
561 135
561 493
135 562
576 122
135 570
562 36
562 38
409 153
36 330
36 258
330 346
409 576
330 244
346 563
346 233
575 125
563 127
563 263
127 190
575 409
127 464
190 564
446 108
388 378
218 580
388 560
378 156
378 474
270 583
156 53
156 283
53 327
270 218
53 317
327 456
327 118
247 6
456 30
456 371
30 460
247 270
30 219
460 7
460 451
177 395
7 54
7 25
54 393
177 247
54 561
393 362
393 135
579 23
362 352
362 562
352 16
579 177
352 36
16 163
16 330
98 582
163 84
163 346
84 166
98 579
84 563
166 325
166 127
578 13
325 284
325 190
284 369
578 98
284 564
369 559
369 411
76 61
559 217
559 489
281 554
281 53
261 164
554 140
554 327
140 365
63 318
140 456
365 555
365 30
63 261
555 482
555 460
482 556
254 150
482 7
556 298
556 54
254 63
298 123
298 393
123 265
581 471
123 362
265 557
265 352
581 254
557 184
557 16
184 232
72 133
184 163
232 396
232 84
72 581
396 115
396 166
115 321
246 96
115 325
321 228
321 284
246 72
228 326
228 369
326 199
580 245
326 559
199 558
199 217
580 246
558 376
558 280
376 248
218 144
446 388
488 365
182 293
181 64
182 555
293 78
293 482
383 584
78 188
78 556
188 155
383 181
188 298
155 416
155 123
153 462
416 169
416 265
169 220
153 383
169 557
220 428
220 184
125 94
428 275
428 232
275 550
125 153
275 396
550 551
550 115
214 70
551 329
551 321
329 484
214 125
329 228
484 426
484 326
142 225
426 552
426 199
552 553
142 214
552 558
553 376
235 341
164 206
235 446
341 316
341 388
164 142
316 146
316 378
146 281
261 391
146 156
289 78
355 544
355 188
23 408
544 545
544 155
545 208
23 395
545 416
208 216
208 169
582 82
216 279
216 220
279 112
582 23
279 428
112 152
112 275
13 480
152 126
152 550
126 332
13 582
126 551
332 328
332 329
61 271
328 546
328 484
546 360
61 13
546 426
360 547
360 552
43 423
547 553
412 354
412 235
43 61
354 548
354 341
548 51
342 585
548 316
51 296
51 146
64 32
296 227
296 281
227 549
64 342
227 554
549 488
549 140
181 434
488 182
358 104
358 208
104 392
133 240
104 216
392 438
392 279
133 471
438 541
438 112
541 99
96 402
541 152
99 375
99 126
96 133
375 83
375 332
83 445
245 262
83 328
445 542
445 546
245 96
542 110
542 360
110 547
144 470
399 491
399 412
491 372
144 245
491 354
372 543
372 548
583 586
543 73
543 51
73 157
583 144
73 296
157 230
157 227
6 66
230 213
230 549
213 226
6 583
213 488
226 274
226 182
395 200
274 289
274 293
289 355
395 6
204 273
304 344
377 475
377 151
413 37
475 517
304 171
475 234
517 433
517 304
234 42
433 209
433 171
209 120
234 304
209 68
120 162
136 128
120 173
151 186
162 129
162 75
129 518
151 234
129 524
518 249
518 490
273 17
249 297
249 189
136 137
297 431
273 151
297 525
431 519
431 334
361 528
519 520
519 389
520 290
361 273
520 374
290 521
128 268
290 454
301 22
521 407
521 180
407 363
301 361
407 526
363 58
363 335
523 527
58 522
58 448
128 593
522 282
523 301
522 167
282 486
106 517
379 343
250 159
189 264
250 433
159 512
159 209
189 525
512 60
512 120
60 21
490 33
60 162
21 161
379 295
21 129
490 189
161 513
161 518
513 267
524 532
513 249
267 231
267 297
524 490
231 514
231 431
343 413
514 515
75 531
514 519
515 202
515 520
75 524
202 417
202 290
417 11
173 530
417 521
11 145
343 285
11 407
173 75
145 2
145 363
2 350
68 529
2 58
350 465
350 522
68 173
465 282
435 516
413 136
435 523
171 483
516 323
516 301
323 204
171 68
323 361
204 377
507 467
507 60
526 447
467 253
467 21
253 508
526 335
253 161
508 86
402 240
508 513
180 314
86 14
86 267
14 498
180 526
14 231
498 414
498 514
454 421
414 168
414 515
402 592
168 509
454 180
168 202
509 134
509 417
374 533
134 510
134 11
510 141
374 454
510 145
141 114
240 379
141 2
389 89
114 511
114 350
511 465
389 374
311 299
311 435
299 260
334 441
299 516
260 324
240 415
260 323
334 389
324 191
324 204
191 210
525 196
191 377
210 106
210 475
525 334
106 250
382 508
459 503
17 186
459 86
503 291
586 211
503 14
528 487
291 504
291 498
504 222
528 17
504 414
222 505
222 168
22 386
505 20
505 509
470 262
20 398
22 528
20 134
398 92
398 510
527 367
92 178
92 141
178 444
527 22
178 114
444 511
470 313
121 309
486 463
121 311
309 292
309 299
167 424
292 229
292 260
229 193
167 486
229 324
193 364
262 402
193 191
448 294
364 333
364 210
333 10
448 167
333 106
10 506
10 250
335 534
506 255
506 159
262 591
255 507
335 448
255 512
200 66
531 532
530 442
530 531
200 590
529 47
529 530
312 170
312 121
483 149
170 215
170 309
66 586
215 221
483 529
215 292
221 501
221 229
344 357
501 502
501 193
502 109
344 483
502 364
109 105
66 87
109 333
42 419
105 224
105 10
224 256
42 344
224 506
256 429
256 255
186 394
429 257
429 507
586 470
257 77
186 42
257 467
77 382
77 253
17 236
382 459
533 421
89 198
82 408
89 533
441 212
441 89
82 107
196 320
196 441
264 348
408 200
264 196
33 437
33 264
408 52
532 457
532 33
531 535
367 386
463 400
423 477
424 1
424 463
294 537
271 480
294 424
534 536
534 294
271 589
447 306
447 534
314 370
480 82
314 447
421 315
421 314
480 450
533 500
149 47
434 587
357 223
357 149
419 185
32 585
419 357
394 69
394 419
32 338
236 272
236 394
487 539
585 588
487 236
386 449
386 487
423 271
367 538
320 212
348 540
348 320
462 387
437 34
437 348
457 57
584 434
457 437
535 207
535 457
584 266
442 497
442 535
47 45
434 32
47 442
149 418
536 537
306 375
70 94
306 536
370 99
370 306
70 425
315 541
315 370
500 438
94 462
500 315
198 392
198 500
94 91
212 104
212 198
320 358
462 584
34 540
471 379
34 544
540 358
540 545
471 150
57 355
497 207
150 343
497 274
207 57
207 289
150 318
57 34
223 230
418 45
418 213
318 391
45 497
45 226
69 185
69 73
391 206
185 223
185 157
223 418
318 413
206 225
539 272
539 372
272 69
391 136
272 543
400 110
538 449
206 128
538 399
449 539
449 491
536 83
225 268
537 1
537 445
1 400
225 70
1 542
250
1 251
2 252
3 253
4 254
5 255
6 256
7 257
8 258
9 259
10 260
11 261
12 262
13 263
14 264
15 265
16 266
17 267
18 268
19 269
20 270
21 271
22 272
23 273
24 274
25 275
26 276
27 277
28 278
29 279
30 280
31 281
32 282
33 283
34 284
35 285
36 286
37 287
38 288
39 289
40 290
41 291
42 292
43 293
44 294
45 295
46 296
47 297
48 298
49 299
50 300
51 301
52 302
53 303
54 304
55 305
56 306
57 307
58 308
59 309
60 310
61 311
62 312
63 313
64 314
65 315
66 316
67 317
68 318
69 319
70 320
71 321
72 322
73 323
74 324
75 325
76 326
77 327
78 328
79 329
80 330
81 331
82 332
83 333
84 334
85 335
86 336
87 337
88 338
89 339
90 340
91 341
92 342
93 343
94 344
95 345
96 346
97 347
98 348
99 349
100 350
101 351
102 352
103 353
104 354
105 355
106 356
107 357
108 358
109 359
110 360
111 361
112 362
113 363
114 364
115 365
116 366
117 367
118 368
119 369
120 370
121 371
122 372
123 373
124 374
125 375
126 376
127 377
128 378
129 379
130 380
131 381
132 382
133 383
134 384
135 385
136 386
137 387
138 388
139 389
140 390
141 391
142 392
143 393
144 394
145 395
146 396
147 397
148 398
149 399
150 400
151 401
152 402
153 403
154 404
155 405
156 406
157 407
158 408
159 409
160 410
161 411
162 412
163 413
164 414
165 415
166 416
167 417
168 418
169 419
170 420
171 421
172 422
173 423
174 424
175 425
176 426
177 427
178 428
179 429
180 430
181 431
182 432
183 433
184 434
185 435
186 436
187 437
188 438
189 439
190 440
191 441
192 442
193 443
194 444
195 445
196 446
197 447
198 448
199 449
200 450
201 451
202 452
203 453
204 454
205 455
206 456
207 457
208 458
209 459
210 460
211 461
212 462
213 463
214 464
215 465
216 466
217 467
218 468
219 469
220 470
221 471
222 472
223 473
224 474
225 475
226 476
227 477
228 478
229 479
230 480
231 481
232 482
233 483
234 484
235 485
236 486
237 487
238 488
239 489
240 490
241 491
242 492
243 493
244 494
245 495
246 496
247 497
248 498
249 499
250 500