225 420
222 223
223 107
107 18
18 224
224 225
96 214
208 89
208 215
89 29
209 33
209 216
33 27
33 217
27 210
27 218
210 66
210 97
66 75
66 219
75 211
75 74
211 56
211 220
56 212
56 78
212 80
212 221
80 213
80 222
213 54
213 223
54 214
54 107
214 215
214 18
215 29
215 224
29 225
216 217
217 218
218 97
97 219
219 74
74 220
220 78
78 221
221 222
87 204
194 28
194 16
28 19
28 3
19 195
19 205
195 196
195 95
196 197
196 206
197 198
197 207
198 199
198 96
199 200
199 208
200 89
201 81
201 209
81 42
81 33
42 202
42 27
202 203
202 210
203 204
203 66
204 16
204 75
16 3
16 211
3 205
3 56
205 95
205 212
95 206
95 80
206 207
206 213
207 96
207 54
96 208
20 108
182 15
1 183
1 5
183 184
183 191
184 31
184 192
31 185
31 46
185 186
185 193
186 187
186 87
187 70
187 194
70 188
70 28
188 189
188 19
189 49
189 195
49 61
49 196
61 190
61 197
190 108
190 198
108 15
108 199
15 200
5 191
5 201
191 192
191 81
192 46
192 42
46 193
46 202
193 87
193 203
87 194
22 85
64 140
144 85
64 4
140 2
140 98
143 149
2 141
2 145
141 79
143 144
141 53
79 100
79 93
84 148
100 26
100 146
26 44
84 143
26 12
44 142
44 147
83 41
142 11
142 99
11 83
11 52
175 184
176 17
176 31
17 177
17 185
177 178
177 186
178 179
178 187
179 6
179 70
6 67
6 188
67 62
67 189
62 180
62 49
180 181
180 61
181 20
181 190
20 182
111 138
60 133
146 12
60 90
133 65
133 94
93 153
65 82
134 135
134 77
93 146
135 23
135 40
23 43
53 71
23 139
43 30
43 22
53 93
30 136
30 64
136 137
145 152
136 140
137 48
137 2
145 53
48 34
48 141
34 72
98 151
34 79
72 14
72 100
98 145
14 138
14 26
138 90
4 69
138 44
90 94
90 142
4 98
94 82
94 11
82 83
85 150
77 40
77 84
40 139
85 4
40 143
139 22
139 144
144 32
22 64
121 128
122 24
122 129
149 158
24 104
24 130
104 25
149 32
104 109
25 45
25 131
148 157
45 101
45 132
101 110
148 149
101 86
110 50
110 111
41 156
50 123
50 60
123 124
52 36
123 133
124 65
47 125
52 41
47 134
125 126
125 135
99 155
126 127
126 23
127 128
99 52
127 43
128 129
128 30
147 154
129 130
129 136
130 109
147 99
130 137
109 131
109 48
12 7
131 132
131 34
132 86
12 147
132 72
86 111
86 14
146 51
111 60
153 160
68 113
68 112
153 51
113 105
113 119
105 114
71 159
105 59
114 58
114 120
71 153
58 73
58 121
73 115
152 91
73 122
115 55
115 24
152 71
55 37
55 104
37 116
151 35
37 25
116 117
116 45
151 152
117 118
117 101
118 76
69 102
118 110
76 39
76 50
69 151
39 88
39 123
88 124
150 103
112 119
112 47
119 59
150 69
119 125
59 120
59 126
32 10
120 121
120 127
121 122
32 150
158 63
158 10
157 38
157 158
156 165
36 164
36 156
155 163
155 36
154 106
154 155
7 162
7 154
51 161
51 7
160 13
160 161
159 57
159 160
91 8
91 159
35 168
35 91
102 92
102 35
103 167
103 102
10 166
10 103
63 166
38 173
38 63
165 172
164 9
164 165
163 21
163 164
106 171
106 163
162 170
162 106
161 169
161 162
13 169
57 179
57 13
8 178
8 57
168 177
168 8
92 17
92 168
167 176
167 92
166 175
166 167
63 174
173 1
173 174
172 182
9 20
9 172
21 181
21 9
171 180
171 21
170 62
170 171
169 67
169 170
13 6
175 176
174 183
174 175
56
1 57
2 58
3 59
4 60
5 61
6 62
7 63
8 64
9 65
10 66
11 67
12 68
13 69
14 70
15 71
16 72
17 73
18 74
19 75
20 76
21 77
22 78
23 79
24 80
25 81
26 82
27 83
28 84
29 85
30 86
31 87
32 88
33 89
34 90
35 91
36 92
37 93
38 94
39 95
40 96
41 97
42 98
43 99
44 100
45 101
46 102
47 103
48 104
49 105
50 106
51 107
52 108
53 109
54 110
55 111
56 112