225 420
80 223
223 224
224 63
63 103
103 225
87 36
211 212
211 13
212 41
213 214
213 47
214 215
214 219
215 91
215 34
91 216
91 56
216 4
216 90
4 217
4 22
217 24
217 220
24 49
24 221
49 72
49 222
72 218
72 80
218 55
218 223
55 36
55 224
36 13
36 63
13 41
13 103
41 225
47 219
219 34
34 56
56 90
90 22
22 220
220 221
221 222
222 80
32 62
202 9
202 2
9 27
9 208
27 40
27 18
40 50
40 209
50 21
50 48
21 203
21 210
203 204
203 87
204 79
204 211
79 212
205 206
205 213
206 29
206 214
29 207
29 215
207 93
207 91
93 62
93 216
62 2
62 4
2 208
2 217
208 18
208 24
18 209
18 49
209 48
209 72
48 210
48 218
210 87
210 55
87 211
44 199
106 66
84 191
84 200
191 192
191 100
192 193
192 201
193 194
193 74
194 60
194 82
60 195
60 32
195 6
195 202
6 196
6 9
196 43
196 27
43 109
43 40
109 197
109 50
197 198
197 21
198 199
198 203
199 66
199 204
66 79
200 100
200 205
100 201
100 206
201 74
201 29
74 82
74 207
82 32
82 93
32 202
89 58
11 25
86 58
11 153
25 69
25 53
101 33
69 3
69 154
3 149
101 86
3 155
149 150
149 156
152 28
150 98
150 88
98 111
152 101
98 157
111 64
111 158
96 107
64 151
64 159
151 96
151 160
108 192
186 187
186 193
187 76
187 194
76 188
76 60
188 189
188 195
189 51
189 6
51 190
51 196
190 31
190 43
31 23
31 109
23 57
23 197
57 44
57 198
44 106
26 146
77 95
88 157
77 75
95 54
95 15
156 164
54 68
140 7
140 147
156 88
7 17
7 148
17 141
155 163
17 112
141 142
141 89
155 156
142 71
142 11
71 143
154 110
71 25
143 30
143 69
154 155
30 104
30 3
104 144
53 162
104 149
144 145
144 150
53 154
145 146
145 98
146 75
153 161
146 111
75 15
75 64
153 53
15 68
15 151
68 96
58 85
147 148
147 152
148 112
58 153
148 101
112 89
112 86
86 16
89 11
127 8
128 129
128 136
33 169
129 99
129 45
99 130
33 16
99 137
130 67
130 59
28 168
67 131
67 138
131 132
28 33
131 139
132 14
132 26
107 37
14 97
14 77
97 133
160 73
97 95
133 54
134 1
160 107
134 140
1 10
1 7
159 20
10 135
10 17
135 8
159 160
135 141
8 136
8 142
158 167
136 45
136 71
45 137
158 159
45 143
137 59
137 30
157 166
59 138
59 104
138 139
157 158
138 144
139 26
139 145
88 165
26 77
164 173
46 83
46 70
164 165
83 113
83 124
113 114
163 172
113 125
114 115
114 126
163 164
115 116
115 127
116 65
110 78
116 128
65 102
65 129
110 163
102 117
102 99
117 118
162 171
117 130
118 119
118 67
162 110
119 120
119 131
120 121
161 105
120 132
121 122
121 14
161 162
122 123
122 97
123 133
85 39
70 124
70 134
124 125
85 161
124 1
125 126
125 10
16 170
126 127
126 135
127 128
16 85
169 42
169 170
168 176
168 169
37 175
73 174
73 37
20 94
20 73
167 12
167 20
166 81
166 167
165 61
165 166
173 92
173 61
172 179
172 173
78 178
78 172
171 5
171 78
105 177
105 171
39 52
39 105
170 35
170 39
42 35
176 185
176 42
175 19
174 184
174 175
94 183
94 174
12 182
12 94
81 181
81 12
61 180
61 81
92 180
179 189
179 92
178 188
178 179
5 76
5 178
177 187
177 5
52 186
52 177
35 108
35 52
42 38
185 84
185 38
19 106
184 44
184 19
183 57
183 184
182 23
182 183
181 31
181 182
180 190
180 181
92 51
108 186
38 191
38 108
56
1 57
2 58
3 59
4 60
5 61
6 62
7 63
8 64
9 65
10 66
11 67
12 68
13 69
14 70
15 71
16 72
17 73
18 74
19 75
20 76
21 77
22 78
23 79
24 80
25 81
26 82
27 83
28 84
29 85
30 86
31 87
32 88
33 89
34 90
35 91
36 92
37 93
38 94
39 95
40 96
41 97
42 98
43 99
44 100
45 101
46 102
47 103
48 104
49 105
50 106
51 107
52 108
53 109
54 110
55 111
56 112