225 420
223 224
224 225
225 4
4 79
79 68
15 219
91 212
91 14
212 44
213 214
213 25
214 215
214 77
215 24
215 220
24 90
24 111
90 20
90 21
20 107
20 41
107 216
107 221
216 217
216 82
217 71
217 222
71 218
71 223
218 62
218 224
62 219
62 225
219 14
219 4
14 44
14 79
44 68
25 77
77 220
220 111
111 21
21 41
41 221
221 82
82 222
222 223
97 56
73 67
73 2
67 205
67 210
205 65
205 45
65 206
65 211
206 6
206 103
6 106
6 47
106 43
106 15
43 92
43 91
92 212
207 11
207 213
11 208
11 214
208 75
208 215
75 209
75 24
209 56
209 90
56 2
56 20
2 210
2 107
210 45
210 216
45 211
45 217
211 103
211 71
103 47
103 218
47 15
47 62
15 91
195 13
196 16
197 198
197 203
198 84
198 61
84 55
84 57
55 199
55 78
199 69
199 204
69 94
69 97
94 30
94 73
30 200
30 67
200 104
200 205
104 201
104 65
201 19
201 206
19 202
19 6
202 13
202 106
13 16
13 43
16 92
203 61
203 207
61 57
61 11
57 78
57 208
78 204
78 75
204 97
204 209
97 73
148 54
149 150
161 54
149 72
150 151
150 162
160 81
151 152
151 51
152 153
160 161
152 163
153 154
153 164
159 167
154 155
154 105
155 35
159 160
155 9
35 156
35 93
158 166
156 157
156 165
157 158
157 74
189 84
190 191
190 55
191 18
191 199
18 192
18 69
192 42
192 94
42 31
42 30
31 27
31 200
27 193
27 104
193 80
193 201
80 194
80 19
194 195
194 202
195 196
58 95
140 10
105 9
140 99
10 38
10 145
164 171
38 1
141 142
141 146
164 105
142 39
142 147
39 143
163 170
39 7
143 144
143 148
163 164
144 86
144 149
86 63
51 169
86 150
63 88
63 151
51 163
88 108
88 152
108 64
162 12
108 153
64 59
64 154
162 51
59 95
59 155
95 99
72 102
95 35
99 145
99 156
72 162
145 1
145 157
1 158
54 168
146 147
146 159
147 7
54 72
147 160
7 148
7 161
161 23
148 149
96 60
125 110
125 136
81 176
110 126
110 137
126 127
81 23
126 46
127 128
127 28
167 76
128 36
128 138
36 129
167 81
36 139
129 130
129 58
166 40
130 131
130 140
131 132
74 175
131 10
132 38
133 134
74 166
133 141
134 135
134 142
165 174
135 101
135 39
101 60
165 74
101 143
60 136
60 144
93 173
136 137
136 86
137 46
93 165
137 63
46 28
46 88
9 83
28 138
28 108
138 139
9 93
138 64
139 58
139 59
105 172
58 140
171 179
113 109
113 122
171 172
109 8
109 50
8 114
170 112
8 123
114 115
114 124
170 171
115 116
115 96
116 98
169 70
116 125
98 117
98 110
169 170
117 118
117 126
118 119
12 178
118 127
119 120
119 128
12 169
120 3
120 36
3 121
102 33
3 129
121 17
121 130
102 12
17 37
17 131
37 132
168 177
122 50
122 133
50 123
168 102
50 134
123 124
123 135
23 32
124 96
124 101
96 125
23 168
176 34
176 32
76 183
76 176
40 182
175 181
175 40
174 26
174 175
173 22
173 174
83 5
83 173
172 180
172 83
179 186
179 180
112 29
112 179
70 100
70 112
178 89
178 70
33 185
33 178
177 184
177 33
32 85
32 177
34 85
183 52
183 34
182 87
181 187
181 182
26 53
26 181
22 48
22 26
5 66
5 22
180 49
180 5
186 49
29 42
29 186
100 192
100 29
89 18
89 100
185 191
185 89
184 190
184 185
85 189
85 184
34 188
52 197
52 188
87 196
187 195
187 87
53 194
53 187
48 80
48 53
66 193
66 48
49 27
49 66
186 31
189 190
188 198
188 189
56
1 57
2 58
3 59
4 60
5 61
6 62
7 63
8 64
9 65
10 66
11 67
12 68
13 69
14 70
15 71
16 72
17 73
18 74
19 75
20 76
21 77
22 78
23 79
24 80
25 81
26 82
27 83
28 84
29 85
30 86
31 87
32 88
33 89
34 90
35 91
36 92
37 93
38 94
39 95
40 96
41 97
42 98
43 99
44 100
45 101
46 102
47 103
48 104
49 105
50 106
51 107
52 108
53 109
54 110
55 111
56 112