225 420
221 222
222 223
223 112
112 224
224 225
210 216
211 30
211 217
30 24
101 10
101 72
10 95
10 57
95 9
95 218
9 212
9 43
212 46
212 219
46 213
46 220
213 13
213 42
13 39
13 28
39 58
39 109
58 214
58 221
214 215
214 222
215 216
215 223
216 217
216 112
217 24
217 224
24 225
72 57
57 218
218 43
43 219
219 220
220 42
42 28
28 109
109 221
27 206
197 198
197 7
198 26
198 207
26 199
26 20
199 200
199 33
200 69
200 208
69 201
69 209
201 5
201 210
5 92
5 211
92 30
76 202
76 101
202 203
202 10
203 204
203 95
204 205
204 9
205 206
205 212
206 7
206 46
7 207
7 213
207 20
207 13
20 33
20 39
33 208
33 58
208 209
208 214
209 210
209 215
210 211
31 192
70 193
14 187
14 45
187 71
187 194
71 188
71 195
188 189
188 100
189 89
189 196
89 190
89 27
190 105
190 197
105 103
105 198
103 64
103 26
64 11
64 199
11 191
11 200
191 62
191 69
62 192
62 201
192 193
192 5
193 92
45 194
45 76
194 195
194 202
195 100
195 203
100 196
100 204
196 27
196 205
27 197
148 49
149 63
111 49
149 106
63 51
63 50
107 53
51 150
51 32
150 17
107 111
150 154
17 6
17 93
99 155
6 151
6 38
151 152
99 107
151 73
152 80
152 81
65 22
80 153
80 8
153 65
153 108
82 71
183 56
183 188
56 67
56 189
67 86
67 89
86 184
86 190
184 1
184 105
1 185
1 103
185 186
185 64
186 54
186 11
54 87
54 191
87 31
87 62
31 70
44 143
52 133
38 73
52 144
133 134
133 88
93 161
134 145
135 136
135 23
93 38
136 68
136 146
68 137
154 104
68 147
137 138
137 148
154 93
138 78
138 149
78 139
32 160
78 63
139 48
139 51
32 154
48 140
48 150
140 141
50 159
140 17
141 142
141 6
50 32
142 143
142 151
143 144
106 158
143 152
144 88
144 80
106 50
88 145
88 153
145 65
49 157
23 146
23 99
146 147
49 106
146 107
147 148
147 111
111 156
148 149
124 130
125 102
125 79
53 167
102 90
102 35
90 126
53 156
90 41
126 77
126 131
155 166
77 127
77 132
127 128
155 53
127 25
128 84
128 44
22 165
84 129
84 52
129 96
108 29
129 133
96 134
91 2
108 22
91 135
2 110
2 136
8 164
110 94
110 68
94 130
8 108
94 137
130 79
130 138
81 163
79 35
79 78
35 41
81 8
35 139
41 131
41 48
73 162
131 132
131 140
132 25
73 81
132 141
25 44
25 142
38 4
44 52
161 21
113 55
113 122
161 4
55 3
55 47
3 114
104 97
3 75
114 115
114 123
104 161
115 116
115 124
116 117
160 169
116 125
117 118
117 102
160 104
118 18
118 90
18 119
159 168
18 126
119 15
119 77
159 160
15 120
15 127
120 12
158 37
120 128
12 121
12 84
158 159
121 19
121 129
19 96
157 98
122 47
122 91
47 75
157 158
47 2
75 123
75 110
156 34
123 124
123 94
124 125
156 157
167 173
167 34
166 172
166 167
165 74
29 83
29 165
164 61
164 29
163 171
163 164
162 40
162 163
4 170
4 162
21 179
21 170
97 178
97 21
169 66
169 97
168 177
168 169
37 176
37 168
98 175
98 37
34 174
34 98
173 174
172 16
172 173
74 181
83 60
83 74
61 59
61 83
171 36
171 61
40 85
40 171
170 180
170 40
179 180
178 184
178 179
66 86
66 178
177 67
177 66
176 56
176 177
175 183
175 176
174 82
174 175
173 182
16 14
16 182
181 70
60 31
60 181
59 87
59 60
36 54
36 59
85 186
85 36
180 185
180 85
179 1
82 183
182 187
182 82
56
1 57
2 58
3 59
4 60
5 61
6 62
7 63
8 64
9 65
10 66
11 67
12 68
13 69
14 70
15 71
16 72
17 73
18 74
19 75
20 76
21 77
22 78
23 79
24 80
25 81
26 82
27 83
28 84
29 85
30 86
31 87
32 88
33 89
34 90
35 91
36 92
37 93
38 94
39 95
40 96
41 97
42 98
43 99
44 100
45 101
46 102
47 103
48 104
49 105
50 106
51 107
52 108
53 109
54 110
55 111
56 112