225 420
222 223
223 102
102 224
224 25
25 225
54 218
211 12
211 76
12 78
212 74
212 98
74 213
74 16
213 214
213 219
214 58
214 4
58 67
58 35
67 215
67 55
215 216
215 108
216 217
216 220
217 27
217 221
27 90
27 222
90 87
90 223
87 218
87 102
218 76
218 224
76 78
76 25
78 225
98 16
16 219
219 4
4 35
35 55
55 108
108 220
220 221
221 222
64 207
56 200
56 208
200 201
200 95
201 63
201 209
63 202
63 43
202 85
202 71
85 203
85 210
203 53
203 54
53 70
53 211
70 12
204 104
204 212
104 205
104 74
205 206
205 213
206 73
206 214
73 207
73 58
207 208
207 67
208 95
208 215
95 209
95 216
209 43
209 217
43 71
43 27
71 210
71 90
210 54
210 87
54 211
61 195
187 196
188 189
188 197
189 1
189 23
1 190
1 94
190 191
190 198
191 5
191 199
5 26
5 64
26 192
26 56
192 66
192 200
66 193
66 201
193 194
193 63
194 106
194 202
106 46
106 85
46 195
46 203
195 196
195 53
196 70
197 23
197 204
23 94
23 104
94 198
94 205
198 199
198 206
199 64
199 73
64 56
146 36
147 50
17 36
147 99
50 148
50 77
153 159
148 80
148 38
80 149
153 17
80 68
149 3
149 154
152 158
3 72
3 84
72 150
152 153
72 155
150 49
150 156
13 157
49 151
49 111
151 13
151 18
182 1
183 47
183 190
47 9
47 191
9 184
9 5
184 185
184 26
185 186
185 192
186 39
186 66
39 20
39 193
20 33
20 194
33 41
33 106
41 61
41 46
61 187
40 37
138 30
84 155
138 143
30 92
30 22
154 162
92 97
82 139
82 60
154 84
139 140
139 144
140 59
68 83
140 145
59 6
59 146
68 154
6 51
6 147
51 8
38 161
51 50
8 141
8 148
38 68
141 62
141 80
62 142
77 32
62 149
142 31
142 3
77 38
31 37
31 72
37 143
99 160
37 150
143 22
143 49
99 77
22 97
22 151
97 13
36 88
60 144
60 152
144 145
36 99
144 153
145 146
145 17
17 34
146 147
7 134
126 127
126 15
159 165
127 100
127 19
100 128
159 34
100 135
128 69
128 136
158 14
69 129
69 109
129 52
158 159
129 137
52 130
52 40
157 24
130 131
130 138
131 65
18 11
131 30
65 92
132 103
18 157
132 82
103 57
103 139
111 112
57 133
57 140
133 134
111 18
133 59
134 15
134 6
156 107
15 19
15 51
19 135
156 111
19 8
135 136
135 141
155 164
136 109
136 62
109 137
155 156
109 142
137 40
137 31
84 163
40 138
162 169
113 114
113 81
162 163
114 115
114 110
115 93
83 168
115 124
93 116
93 125
83 162
116 117
116 7
117 101
161 79
117 126
101 118
101 127
161 83
118 119
118 100
119 120
32 167
119 128
120 121
120 69
32 161
121 122
121 129
122 89
160 166
122 52
89 86
89 130
160 32
86 123
86 131
123 65
88 91
81 110
81 132
110 124
88 160
110 103
124 125
124 57
34 44
125 7
125 133
7 126
34 88
165 174
165 44
14 45
14 165
24 173
11 10
11 24
112 48
112 11
107 172
107 112
164 171
164 107
163 170
163 164
169 96
169 170
168 42
168 169
79 176
79 168
167 28
167 79
166 29
166 167
91 175
91 166
44 2
44 91
174 2
45 105
45 174
173 180
10 179
10 173
48 21
48 10
172 178
172 48
171 75
171 172
170 177
170 171
96 177
42 185
42 96
176 184
176 42
28 9
28 176
29 47
29 28
175 183
175 29
2 182
2 175
174 181
105 188
105 181
180 187
179 61
179 180
21 41
21 179
178 33
178 21
75 20
75 178
177 39
177 75
96 186
182 183
181 189
181 182
56
1 57
2 58
3 59
4 60
5 61
6 62
7 63
8 64
9 65
10 66
11 67
12 68
13 69
14 70
15 71
16 72
17 73
18 74
19 75
20 76
21 77
22 78
23 79
24 80
25 81
26 82
27 83
28 84
29 85
30 86
31 87
32 88
33 89
34 90
35 91
36 92
37 93
38 94
39 95
40 96
41 97
42 98
43 99
44 100
45 101
46 102
47 103
48 104
49 105
50 106
51 107
52 108
53 109
54 110
55 111
56 112