225 420
75 69
69 223
223 224
224 57
57 225
71 2
95 212
95 39
212 218
213 214
213 19
214 48
214 61
48 215
48 103
215 31
215 219
31 216
31 220
216 72
216 221
72 106
72 23
106 13
106 82
13 5
13 222
5 217
5 75
217 78
217 69
78 2
78 223
2 39
2 224
39 218
39 57
218 225
19 61
61 103
103 219
219 220
220 221
221 23
23 82
82 222
222 75
4 207
200 83
200 208
83 73
83 209
73 201
73 210
201 36
201 49
36 3
36 211
3 65
3 109
65 67
65 71
67 202
67 95
202 212
203 204
203 213
204 107
204 214
107 205
107 48
205 206
205 215
206 207
206 31
207 208
207 216
208 209
208 72
209 210
209 106
210 49
210 13
49 211
49 5
211 109
211 217
109 71
109 78
71 95
184 52
1 195
185 186
185 33
186 50
186 196
50 187
50 197
187 188
187 198
188 112
188 199
112 189
112 4
189 35
189 200
35 190
35 83
190 191
190 73
191 192
191 201
192 193
192 36
193 194
193 3
194 52
194 65
52 195
52 67
195 202
33 196
33 203
196 197
196 204
197 198
197 107
198 199
198 205
199 4
199 206
4 200
142 150
89 91
87 150
89 10
91 143
91 22
149 157
143 58
143 100
58 144
149 87
58 151
144 79
144 152
45 156
79 145
79 46
145 38
45 149
145 43
38 146
38 76
148 155
146 147
146 153
147 148
147 154
7 50
180 8
180 187
8 42
8 188
42 181
42 112
181 182
181 189
182 99
182 35
99 183
99 190
183 15
183 191
15 63
15 192
63 60
63 193
60 184
60 194
184 1
129 74
130 131
46 43
130 70
131 132
131 139
152 68
132 140
133 41
133 141
152 46
41 134
41 28
134 81
151 161
134 104
81 135
81 142
151 152
135 136
135 89
136 94
100 160
136 91
94 54
94 143
100 151
54 137
54 58
137 6
22 14
137 144
6 138
6 79
22 100
138 74
138 145
74 70
10 159
74 38
70 139
70 146
10 22
139 140
139 147
140 148
150 20
141 28
141 45
28 104
150 10
28 149
104 142
104 87
87 158
142 89
120 96
24 121
24 111
157 163
121 90
121 101
90 93
157 158
90 127
93 122
93 55
156 162
122 12
122 128
12 123
156 157
12 27
123 124
123 129
155 62
124 125
124 130
125 51
154 98
125 131
51 132
11 126
154 155
11 133
126 29
126 41
153 32
29 64
29 134
64 96
153 154
64 81
96 111
96 135
76 77
111 101
111 136
101 127
76 153
101 94
127 55
127 54
43 110
55 128
55 137
128 27
43 76
128 6
27 129
27 138
46 59
129 130
68 97
102 84
102 17
68 59
84 37
84 118
37 88
161 167
37 119
88 113
88 40
161 68
113 114
113 120
114 21
160 166
114 24
21 85
21 121
160 161
85 18
85 90
18 115
14 165
18 93
115 25
115 122
14 160
25 9
25 12
9 116
159 47
9 123
116 117
116 124
159 14
117 34
117 125
34 51
20 44
17 118
17 11
118 119
20 159
118 126
119 40
119 29
158 164
40 120
40 64
120 24
158 20
163 16
163 164
162 171
162 163
62 30
98 105
98 62
32 170
32 98
77 169
77 32
110 168
110 77
59 108
59 110
97 86
97 108
167 92
167 97
166 26
166 167
165 175
165 166
47 174
47 165
44 173
44 47
164 172
164 44
16 172
171 80
171 16
30 53
105 178
105 30
170 177
170 105
169 66
169 170
168 176
168 169
108 56
108 168
86 56
92 182
92 86
26 181
26 92
175 42
175 26
174 8
174 175
173 180
173 174
172 7
172 173
16 179
80 185
80 179
53 1
178 184
178 53
177 60
177 178
66 63
66 177
176 15
176 66
56 183
56 176
86 99
7 180
179 186
179 7
56
1 57
2 58
3 59
4 60
5 61
6 62
7 63
8 64
9 65
10 66
11 67
12 68
13 69
14 70
15 71
16 72
17 73
18 74
19 75
20 76
21 77
22 78
23 79
24 80
25 81
26 82
27 83
28 84
29 85
30 86
31 87
32 88
33 89
34 90
35 91
36 92
37 93
38 94
39 95
40 96
41 97
42 98
43 99
44 100
45 101
46 102
47 103
48 104
49 105
50 106
51 107
52 108
53 109
54 110
55 111
56 112