225 420
224 81
81 89
89 225
225 105
105 62
93 28
212 6
212 4
6 218
34 213
34 219
213 57
213 220
57 214
57 221
214 215
214 92
215 52
215 70
52 49
52 222
49 23
49 26
23 88
23 223
88 216
88 64
216 217
216 224
217 10
217 81
10 28
10 89
28 4
28 225
4 218
4 105
218 62
219 220
220 221
221 92
92 70
70 222
222 26
26 223
223 64
64 224
204 210
80 94
80 108
94 21
94 211
21 12
21 107
12 90
12 42
90 205
90 19
205 206
205 13
206 207
206 93
207 22
207 212
22 6
208 209
208 34
209 41
209 213
41 100
41 57
100 17
100 214
17 210
17 215
210 108
210 52
108 211
108 49
211 107
211 23
107 42
107 88
42 19
42 216
19 13
19 217
13 93
13 10
93 212
29 38
192 66
193 104
193 200
104 194
104 201
194 82
194 202
82 9
82 110
9 78
9 203
78 27
78 204
27 195
27 80
195 196
195 94
196 197
196 21
197 91
197 12
91 198
91 90
198 199
198 205
199 38
199 206
38 66
38 207
66 22
200 201
200 208
201 202
201 209
202 110
202 41
110 203
110 100
203 204
203 17
204 80
146 74
86 98
154 74
86 155
98 97
98 156
68 87
97 147
97 157
147 69
68 154
147 2
69 3
69 99
153 8
3 148
3 79
148 149
153 68
148 37
149 150
149 158
152 159
150 151
150 30
151 152
151 16
186 194
103 56
103 82
56 48
56 9
48 187
48 78
187 50
187 27
50 188
50 195
188 189
188 196
189 190
189 197
190 51
190 91
51 191
51 198
191 29
191 199
29 192
1 72
111 55
79 37
111 33
55 139
55 40
99 162
139 20
140 36
140 144
99 79
36 141
36 145
141 58
2 96
141 61
58 142
58 146
2 99
142 32
142 86
32 71
157 15
32 98
71 143
71 97
157 2
143 14
143 147
14 59
156 53
14 69
59 109
59 3
156 157
109 72
109 148
72 33
155 161
72 149
33 40
33 150
155 156
40 20
40 151
20 152
74 85
144 145
144 153
145 61
74 155
145 68
61 146
61 154
154 160
146 86
127 67
128 129
128 35
87 166
129 31
129 5
31 102
87 160
31 137
102 95
102 39
8 165
95 130
95 138
130 131
8 87
130 54
131 132
131 1
159 44
132 133
132 111
133 134
16 63
133 55
134 139
65 11
16 159
65 140
11 135
11 36
30 164
135 136
135 141
136 67
30 16
136 58
67 35
67 142
158 112
35 5
35 32
5 137
158 30
5 71
137 39
137 143
37 163
39 138
39 14
138 54
37 158
138 59
54 1
54 109
79 75
1 111
162 169
113 114
113 123
162 75
114 115
114 124
115 45
96 24
115 125
45 116
45 126
96 162
116 117
116 127
117 118
15 60
117 128
118 43
118 129
15 96
43 7
43 31
7 119
53 168
7 102
119 83
119 95
53 15
83 120
83 130
120 77
161 101
120 131
77 121
77 132
161 53
121 122
121 133
122 134
85 18
123 124
123 65
124 125
85 161
124 11
125 126
125 135
160 167
126 127
126 136
127 128
160 85
166 175
166 167
165 76
165 166
44 174
63 173
63 44
164 172
164 63
112 171
112 164
163 106
163 112
75 170
75 163
169 25
169 170
24 179
24 169
60 178
60 24
168 177
168 60
101 176
101 168
18 84
18 101
167 73
167 18
175 73
76 185
76 175
174 184
173 183
173 174
172 182
172 173
171 46
171 172
106 181
106 171
170 180
170 106
25 180
179 50
179 25
178 187
178 179
177 48
177 178
176 56
176 177
84 103
84 176
73 186
73 84
175 47
185 193
185 47
184 192
183 29
183 184
182 191
182 183
46 51
46 182
181 190
181 46
180 189
180 181
25 188
186 103
47 104
47 186
56
1 57
2 58
3 59
4 60
5 61
6 62
7 63
8 64
9 65
10 66
11 67
12 68
13 69
14 70
15 71
16 72
17 73
18 74
19 75
20 76
21 77
22 78
23 79
24 80
25 81
26 82
27 83
28 84
29 85
30 86
31 87
32 88
33 89
34 90
35 91
36 92
37 93
38 94
39 95
40 96
41 97
42 98
43 99
44 100
45 101
46 102
47 103
48 104
49 105
50 106
51 107
52 108
53 109
54 110
55 111
56 112