225 420
75 26
26 224
224 225
225 31
31 23
212 90
76 91
76 39
91 218
106 52
106 219
52 34
52 85
34 53
34 74
53 82
53 220
82 213
82 221
213 109
213 21
109 214
109 42
214 215
214 222
215 7
215 223
7 216
7 75
216 217
216 26
217 90
217 224
90 39
90 225
39 218
39 31
218 23
219 85
85 74
74 220
220 221
221 21
21 42
42 222
222 223
223 75
201 24
202 203
202 67
203 204
203 77
204 57
204 210
57 205
57 211
205 206
205 14
206 29
206 87
29 207
29 212
207 208
207 76
208 91
101 5
101 106
5 95
5 52
95 209
95 34
209 56
209 53
56 24
56 82
24 67
24 213
67 77
67 109
77 210
77 214
210 211
210 215
211 14
211 7
14 87
14 216
87 212
87 217
212 76
189 198
28 8
55 22
55 3
22 190
22 199
190 191
190 36
191 59
191 54
59 18
59 200
18 192
18 201
192 193
192 202
193 194
193 203
194 195
194 204
195 72
195 57
72 196
72 205
196 197
196 206
197 198
197 29
198 8
198 207
8 208
3 199
3 101
199 36
199 5
36 54
36 95
54 200
54 209
200 201
200 56
201 202
86 51
148 10
150 51
148 50
10 89
10 151
46 157
89 11
89 152
11 149
46 150
11 32
149 45
149 1
94 156
45 62
45 2
62 70
94 46
62 153
70 61
70 35
27 79
61 103
61 154
103 27
103 155
111 190
186 66
186 191
66 81
66 59
81 40
81 18
40 107
40 192
107 49
107 193
49 19
49 194
19 187
19 195
187 188
187 72
188 73
188 196
73 189
73 197
189 28
136 144
110 108
2 153
110 78
108 65
108 145
1 163
65 96
137 138
137 146
1 2
138 139
138 80
139 140
32 162
139 147
140 58
140 86
32 1
58 141
58 148
141 142
152 161
141 10
142 60
142 89
152 32
60 38
60 11
38 112
151 160
38 149
112 143
112 45
151 152
143 144
143 62
144 78
50 159
144 70
78 145
78 61
50 151
145 96
145 103
96 27
51 104
146 80
146 94
80 147
51 50
80 46
147 86
147 150
150 158
86 148
93 64
41 12
41 133
157 97
12 13
12 47
13 125
157 158
13 134
125 126
125 135
156 100
126 20
126 63
20 127
156 157
20 98
127 17
127 136
79 68
17 128
17 110
128 129
155 48
128 108
129 65
130 131
155 79
130 137
131 30
131 138
154 166
30 132
30 139
132 64
154 155
132 140
64 133
64 58
35 165
133 47
133 141
47 134
35 154
47 142
134 135
134 60
153 164
135 63
135 38
63 98
153 35
63 112
98 136
98 143
2 4
136 110
163 172
37 113
37 105
163 4
113 114
113 124
114 115
162 171
114 102
115 116
115 92
162 163
116 117
116 93
117 71
161 69
117 41
71 118
71 12
161 162
118 119
118 13
119 15
160 170
119 125
15 6
15 126
160 161
6 120
6 20
120 121
159 169
120 127
121 122
121 17
159 160
122 123
122 128
123 129
104 168
105 124
105 130
124 102
104 159
124 131
102 92
102 30
158 167
92 93
92 132
93 41
158 104
97 25
97 167
100 176
100 97
68 175
48 88
48 68
166 174
166 48
165 173
165 166
164 33
164 165
4 83
4 164
172 179
172 83
171 178
171 172
69 43
69 171
170 44
170 69
169 177
169 170
168 16
168 169
167 84
167 168
25 84
176 99
176 25
175 184
88 9
88 175
174 183
174 88
173 182
173 174
33 181
33 173
83 180
83 33
179 180
178 107
178 179
43 40
43 178
44 81
44 43
177 66
177 44
16 186
16 177
84 111
84 16
25 185
99 55
99 185
184 28
9 189
9 184
183 73
183 9
182 188
182 183
181 187
181 182
180 19
180 181
179 49
111 186
185 22
185 111
56
1 57
2 58
3 59
4 60
5 61
6 62
7 63
8 64
9 65
10 66
11 67
12 68
13 69
14 70
15 71
16 72
17 73
18 74
19 75
20 76
21 77
22 78
23 79
24 80
25 81
26 82
27 83
28 84
29 85
30 86
31 87
32 88
33 89
34 90
35 91
36 92
37 93
38 94
39 95
40 96
41 97
42 98
43 99
44 100
45 101
46 102
47 103
48 104
49 105
50 106
51 107
52 108
53 109
54 110
55 111
56 112