225 420
8 223
223 224
224 225
225 94
94 101
206 215
22 80
22 76
80 216
207 40
207 217
40 208
40 218
208 209
208 62
209 210
209 219
210 211
210 73
211 35
211 9
35 112
35 220
112 212
112 221
212 61
212 222
61 213
61 8
213 214
213 223
214 215
214 224
215 76
215 225
76 216
76 94
216 101
217 218
218 62
62 219
219 73
73 9
9 220
220 221
221 222
222 8
60 109
192 193
192 74
193 194
193 202
194 195
194 203
195 196
195 65
196 197
196 204
197 45
197 205
45 198
45 206
198 89
198 22
89 80
32 111
32 207
111 199
111 40
199 200
199 208
200 201
200 209
201 109
201 210
109 74
109 211
74 202
74 35
202 203
202 112
203 65
203 212
65 204
65 61
204 205
204 213
205 206
205 214
206 22
78 1
180 188
11 181
11 189
181 36
181 57
36 7
36 190
7 100
7 191
100 182
100 15
182 183
182 60
183 184
183 192
184 33
184 193
33 185
33 194
185 186
185 195
186 187
186 196
187 58
187 197
58 1
58 45
1 188
1 198
188 89
189 57
189 32
57 190
57 111
190 191
190 199
191 15
191 200
15 60
15 201
60 192
46 150
143 31
149 150
143 151
31 144
31 152
148 2
144 53
144 41
53 56
148 149
53 68
56 5
56 84
147 154
5 79
5 153
79 145
147 148
79 70
145 96
145 43
146 38
96 42
96 98
42 146
42 59
55 36
83 176
83 7
176 177
176 100
177 26
177 182
26 87
26 183
87 178
87 184
178 71
178 33
71 77
71 185
77 179
77 186
179 30
179 187
30 78
30 58
78 180
133 138
108 82
153 70
108 139
82 134
82 140
84 159
134 4
106 37
106 141
84 153
37 19
37 97
19 135
68 158
19 142
135 81
135 46
68 84
81 48
81 143
48 49
41 157
48 31
49 10
49 144
41 68
10 136
10 53
136 13
152 156
136 56
13 137
13 5
152 41
137 138
137 79
138 139
151 67
138 145
139 140
139 96
151 152
140 4
140 42
4 146
150 34
141 97
141 147
97 142
150 151
97 148
142 46
142 149
149 155
46 143
125 132
126 64
126 3
2 69
64 127
64 18
127 17
2 155
127 21
17 128
17 20
154 85
128 95
128 6
95 110
154 2
95 102
110 54
110 133
38 162
54 129
54 108
129 90
59 161
129 82
90 134
103 130
59 38
103 106
130 131
130 37
98 28
131 66
131 19
66 132
98 59
66 135
132 3
132 81
43 23
3 18
3 48
18 21
43 98
18 49
21 20
21 10
70 160
20 6
20 136
6 102
70 43
6 13
102 133
102 137
153 92
133 108
159 166
86 113
86 123
159 92
113 114
113 44
114 115
158 63
114 124
115 116
115 12
158 159
116 117
116 125
117 118
157 165
117 126
118 72
118 64
157 158
72 29
72 127
29 119
156 164
29 17
119 51
119 128
156 157
51 120
51 95
120 121
67 88
120 110
121 122
121 54
67 156
122 27
122 129
27 90
34 163
123 44
123 103
44 124
34 67
44 130
124 12
124 131
155 104
12 125
12 66
125 126
155 34
69 75
69 104
85 50
85 69
162 107
161 16
161 162
28 168
28 161
23 39
23 28
160 52
160 23
92 167
92 160
166 14
166 167
63 93
63 166
165 170
165 63
164 47
164 165
88 169
88 164
163 91
163 88
104 24
104 163
75 24
50 99
50 75
107 175
16 174
16 107
168 105
168 16
39 173
39 168
52 172
52 39
167 171
167 52
14 171
93 87
93 14
170 26
170 93
47 177
47 170
169 176
169 47
91 83
91 169
24 55
24 91
75 25
99 11
99 25
175 180
174 78
174 175
105 30
105 174
173 179
173 105
172 77
172 173
171 71
171 172
14 178
55 83
25 181
25 55
56
1 57
2 58
3 59
4 60
5 61
6 62
7 63
8 64
9 65
10 66
11 67
12 68
13 69
14 70
15 71
16 72
17 73
18 74
19 75
20 76
21 77
22 78
23 79
24 80
25 81
26 82
27 83
28 84
29 85
30 86
31 87
32 88
33 89
34 90
35 91
36 92
37 93
38 94
39 95
40 96
41 97
42 98
43 99
44 100
45 101
46 102
47 103
48 104
49 105
50 106
51 107
52 108
53 109
54 110
55 111
56 112