225 420
222 25
25 223
223 6
6 224
224 225
210 38
211 212
211 66
212 218
64 213
64 77
213 87
213 42
87 107
87 219
107 214
107 63
214 3
214 220
3 33
3 112
33 215
33 79
215 1
215 221
1 216
1 54
216 217
216 222
217 59
217 25
59 38
59 223
38 66
38 6
66 218
66 224
218 225
77 42
42 219
219 63
63 220
220 112
112 79
79 221
221 54
54 222
71 206
200 12
200 207
12 201
12 101
201 202
201 53
202 70
202 31
70 203
70 208
203 204
203 209
204 34
204 210
34 91
34 211
91 212
205 27
205 64
27 49
27 213
49 82
49 87
82 76
82 107
76 206
76 214
206 207
206 3
207 101
207 33
101 53
101 215
53 31
53 1
31 208
31 216
208 209
208 217
209 210
209 59
210 211
189 62
190 196
22 191
22 197
191 32
191 109
32 23
32 198
23 75
23 199
75 192
75 108
192 89
192 71
89 74
89 200
74 193
74 12
193 194
193 201
194 36
194 202
36 195
36 70
195 96
195 203
96 62
96 204
62 196
62 34
196 91
197 109
197 205
109 198
109 27
198 199
198 49
199 108
199 82
108 71
108 76
71 200
111 85
10 147
84 85
10 155
147 148
147 2
73 162
148 149
148 156
149 150
73 84
149 157
150 151
150 158
154 161
151 152
151 18
152 65
154 73
152 159
65 103
65 105
153 9
103 51
103 24
51 153
51 160
184 32
185 106
185 23
106 29
106 75
29 72
29 192
72 40
72 89
40 47
40 74
47 186
47 193
186 187
186 194
187 20
187 36
20 188
20 195
188 189
188 96
189 190
132 21
37 133
18 159
37 142
133 134
133 143
158 168
134 144
39 52
39 19
158 18
52 98
52 145
98 99
157 167
98 146
99 135
99 111
157 158
135 136
135 10
136 137
156 166
136 147
137 138
137 148
156 157
138 139
138 149
139 140
2 165
139 150
140 141
140 151
2 156
141 21
141 152
21 142
155 164
21 65
142 143
142 103
155 2
143 144
143 51
144 153
85 93
19 145
19 154
145 146
85 155
145 73
146 111
146 84
84 163
111 10
78 41
104 122
104 92
162 172
122 30
122 128
30 26
162 163
30 129
26 14
26 130
161 171
14 110
14 68
110 95
161 162
110 131
95 57
95 132
9 170
57 123
57 37
123 124
160 169
123 133
124 134
125 126
160 9
125 39
126 127
126 52
24 56
127 16
127 98
16 41
24 160
16 99
41 92
41 135
105 17
92 128
92 136
128 129
105 24
128 137
129 130
129 138
159 5
130 68
130 139
68 131
159 105
68 140
131 132
131 141
18 55
132 37
168 67
113 69
113 121
168 55
69 114
69 8
114 115
167 88
114 97
115 116
115 48
167 168
116 117
116 78
117 86
166 100
117 104
86 11
86 122
166 167
11 35
11 30
35 118
165 174
35 26
118 50
118 14
165 166
50 119
50 110
119 58
164 44
119 95
58 15
58 57
164 165
15 120
15 123
120 124
93 7
121 8
121 125
8 97
93 164
8 126
97 48
97 127
163 173
48 78
48 16
78 104
163 93
172 61
172 173
171 178
171 172
170 177
169 4
169 170
56 45
56 169
17 176
17 56
5 60
5 17
55 175
55 5
67 83
67 175
88 182
88 67
100 94
100 88
174 181
174 100
44 13
44 174
7 180
7 44
173 179
173 7
61 179
178 90
178 61
177 43
4 46
4 177
45 28
45 4
176 102
176 45
60 183
60 176
175 81
175 60
83 81
182 40
182 83
94 72
94 182
181 29
181 94
13 106
13 181
180 185
180 13
179 184
179 180
61 80
90 22
90 80
43 190
46 189
46 43
28 188
28 46
102 20
102 28
183 187
183 102
81 186
81 183
83 47
184 185
80 191
80 184
56
1 57
2 58
3 59
4 60
5 61
6 62
7 63
8 64
9 65
10 66
11 67
12 68
13 69
14 70
15 71
16 72
17 73
18 74
19 75
20 76
21 77
22 78
23 79
24 80
25 81
26 82
27 83
28 84
29 85
30 86
31 87
32 88
33 89
34 90
35 91
36 92
37 93
38 94
39 95
40 96
41 97
42 98
43 99
44 100
45 101
46 102
47 103
48 104
49 105
50 106
51 107
52 108
53 109
54 110
55 111
56 112